101277 59068 1111 54 154
109236 64356 1640 56 154
91130 71592 1445 10 154
53871 74337 1495 9 154
106594 78929 1843 7 471
67894 69682 1368 5 471
72771 75713 1145 4 471
91566 81839 2122 3 1188
68909 73377 1449 3 1188
91485 77781 1928 3 1101
67921 69281 976 3 1101
68672 83359 1957 3 1101
68757 74948 1475 3 1106
68559 69788 1474 3 1106
91404 76730 1958 3 867
68297 78018 1485 3 867
68267 77069 1488 3 1147
90878 80784 1983 3 1147
68100 67514 1477 3 974
90984 83523 1473 3 974
68200 84161 1965 3 974
90748 77453 1917 3 1099
67655 75584 1481 3 1099
89702 83010 1920 3 914
67278 74586 1537 3 914
90106 83908 1481 3 1053
67220 77423 1979 3 1053
89073 78637 1485 3 946
67196 78850 1973 3 946
76484 84698 1977 3 968
67038 73402 1474 3 968
89223 74522 1938 3 816
67539 77939 1452 3 816
90270 81650 1950 3 1071
67774 81326 1454 3 1071
68110 65746 965 3 1071
90411 83054 2394 3 888
67990 71428 958 3 888
89898 90020 2363 3 1097
110135 96151 1896 3 1097
65583 81535 1903 3 1032
76800 76707 1709 3 1032
67618 90580 1846 3 580
89904 86368 1856 3 580
90778 91700 2047 4 235
90705 93545 1702 3 235
102008 81862 2029 5 0
85666 75763 1734 5 0
76194 84890 1086 6 286
71390 86963 2404 6 286
91075 91007 1803 11 492
99687 77442 1457 11 492
89142 67180 1948 5 286
42176 57520 486 5 286
66751 64361 1958 4 286
89934 84984 1457 4 286
90533 80210 1933 3 1054
68087 89864 1451 3 1054
89997 87385 2415 3 778
83195 74441 1944 3 778
