37105 22653 1467 59 111
39418 24808 1615 55 438
37695 19758 1027 55 438
40906 32735 1959 56 438
36039 24442 1481 52 91
41827 30499 1784 57 91
34968 31048 1679 48 91
33671 33073 1833 11 91
32356 41249 2474 10 1553
40752 43308 2420 6 1553
40708 36097 2260 7 1713
40668 47092 2455 21 1713
40173 40928 2458 18 1636
32446 32054 2004 18 1636
35942 41287 2562 15 1497
42981 43342 2524 46 1497
40533 38028 2186 41 1250
35577 38633 2248 49 1250
41204 51560 3003 48 1205
34704 40144 2327 51 869
42391 49513 2905 43 869
34207 40778 2169 49 386
42510 46814 2920 48 386
38958 37668 2033 53 64
37774 33687 1980 49 64
40736 31658 1933 25 441
26435 24312 1388 8 441
37780 30269 1597 11 441
25385 33855 2026 9 441
40613 31046 1833 4 0
30469 35868 2139 6 0
17321 33943 1841 6 0
49551 47437 3137 7 648
40465 52755 2938 49 0
35407 46473 2864 48 1145
40552 47771 2920 49 354
34593 49776 2970 42 354
40957 48180 2631 44 1649
34553 36452 2400 48 1062
41506 41844 2451 46 429
32927 40127 2360 40 429
41281 33238 1967 47 388
37646 36967 2122 50 388
36446 45077 2468 46 264
39555 42020 2570 48 264
34703 32778 2186 50 181
40337 28987 1603 48 181
34040 30270 1939 50 181
40909 38739 2293 52 555
33017 32732 2012 50 555
41072 32394 1980 51 743
33020 34623 2001 49 743
41062 22853 1333 38 743
38067 41211 2469 43 1544
36389 34818 2115 51 1544
40293 36046 1964 48 222
33885 28103 1889 47 222
40620 30428 1552 50 222
33255 26605 1824 22 1225
31083 39279 1914 11 1225
