37089 30087 1833 56 186
34417 42286 2574 52 186
42227 36127 2034 53 18
38840 24779 1477 58 18
37770 29373 1619 53 18
40962 53436 2964 50 636
35979 35781 2318 56 636
42046 36035 2058 56 616
35374 29379 1517 51 616
42156 37970 2324 50 1026
35443 42611 2470 50 1026
42899 40047 2128 53 809
39733 40932 2468 51 809
37849 29413 1472 53 927
39152 37415 2407 52 927
37445 38516 2017 52 927
41051 38833 2394 51 1241
36495 31261 1836 53 1241
43015 39966 2101 51 1384
36145 40102 2435 47 1384
43037 34774 1958 45 1592
40904 39085 2323 51 1592
38351 42756 2450 50 1489
39558 23802 1128 53 1489
38152 14089 984 50 1489
39593 42941 2468 48 726
38168 40694 2323 46 726
42360 42246 2457 46 1045
35752 57701 3457 44 1045
42394 59287 3535 45 529
35590 64564 3507 51 1311
43049 33992 2331 47 87
39688 39314 2122 49 87
37647 36496 2323 50 100
38711 39223 2126 50 100
37512 38966 2427 42 291
40653 35569 2029 48 291
35888 39761 2475 43 179
41382 38882 2302 50 179
34677 41503 2093 48 97
40984 33326 2278 50 97
34588 41495 2397 45 61
41829 31599 1611 50 61
38800 38577 2436 50 187
37132 37789 2292 47 187
38491 38783 2028 50 202
37190 34778 1983 49 202
39815 36493 2436 50 151
35108 41600 2443 47 151
39795 30828 1793 52 275
35288 45218 2559 49 275
40750 38316 2267 47 126
34227 37813 2083 50 126
41764 37875 2304 48 125
38808 40047 2092 49 125
37259 34556 2389 51 113
38566 39594 2340 47 113
37494 34685 2029 47 54
41512 39837 2343 51 54
35110 37773 2090 50 116
