128596 71653 1191 46 64
137142 89514 1644 22 64
112887 90856 1392 11 1590
89387 95528 1392 10 1590
129315 90919 2157 6 1590
101867 91546 788 5 1590
101637 99368 2447 4 936
84175 91653 1473 3 936
111935 95717 1295 3 936
83423 89729 1653 3 1327
82988 92153 1457 3 1327
111145 86990 1594 3 1284
84027 91465 1805 3 1284
83839 97522 1468 3 1523
83007 88709 1471 3 1523
111613 94532 1644 3 1498
83837 81640 1579 3 1498
83854 90065 1702 3 1522
83611 91160 1487 3 1522
112457 90962 1479 3 1522
84046 89885 1973 3 1466
83148 88876 1480 3 1466
83195 93576 1470 3 1519
83380 85259 1465 3 1519
111822 97675 1965 3 1485
84177 84497 1477 3 1485
83979 97595 1477 3 1569
83862 89465 1473 3 1569
110630 91777 1970 3 1244
82870 99657 1469 3 1244
83279 93296 1466 3 1429
110367 98524 1948 3 1429
81760 92791 1472 3 1424
109473 97667 1470 3 1424
82118 81344 1957 3 1492
83139 92412 1470 3 1492
82588 89363 1470 3 1492
82386 80132 1467 3 1460
82001 88895 973 3 1460
82866 91209 1445 3 1577
110949 88288 2395 3 1577
83154 88703 955 3 1842
83109 90978 1888 3 1842
110294 93133 1411 3 1469
82862 85718 1909 3 1469
82845 85867 1435 3 1622
82462 92867 1458 3 1622
82557 86430 1473 3 1622
83025 86952 1459 3 1559
110721 89343 1454 3 1559
83111 94328 1956 3 1244
83674 93587 1475 3 1244
83911 94930 1462 3 1468
111803 75944 1457 3 1468
83835 98461 1938 3 1530
83790 84871 1457 3 1530
83101 98006 1459 3 1457
83147 85192 1450 3 1457
111297 94874 1940 3 1508
83818 84716 1453 3 1508
