36802 29297 1830 56 17
38804 38833 2330 51 177
37183 37102 2281 52 177
40570 34947 2127 53 143
35645 39924 2351 48 143
40736 37515 2014 52 198
35554 38185 2393 54 198
41206 36346 1922 48 60
34368 38692 2419 53 60
41729 39968 2280 56 150
33796 36100 2165 50 150
41972 40221 2366 51 101
38601 37002 2057 50 101
37742 38110 2355 54 229
41129 35864 2047 53 229
35924 40460 2372 50 155
41680 36289 2002 51 155
34740 37686 2322 49 151
42329 38719 2236 52 151
33959 36778 2149 50 82
42113 40539 2360 48 82
34054 35420 2176 52 56
42137 40311 2379 50 56
38872 36347 2083 51 38
37730 39201 2381 50 38
41673 37996 2067 52 142
34989 38445 2441 49 142
41384 34242 1943 49 201
34329 38895 2330 53 201
41537 40138 2330 48 208
33612 36790 2120 44 208
41587 40541 2358 51 58
33136 37449 2067 43 58
41680 38148 2375 51 89
40305 36067 2056 49 89
35593 40339 2358 48 199
41296 33247 2043 45 199
34477 41638 2448 42 54
40812 38381 2261 48 54
34239 36938 2140 49 101
41035 38463 1952 49 101
33337 35264 2260 50 200
41510 41878 2464 50 200
33393 35114 2173 50 222
41754 39575 2279 49 222
39958 34746 2168 43 222
35188 39533 2358 48 223
40340 39554 2346 51 93
33727 31197 1655 50 93
40081 38073 2433 49 165
33719 40555 2368 48 165
41122 38409 2051 46 165
33264 34580 2351 51 171
41384 39418 2349 48 147
37963 36204 2149 49 147
36758 39311 2355 48 86
39887 35752 2056 51 86
35318 39926 2365 50 86
40918 38265 2364 51 209
34318 34370 2037 48 209
