39324 29020 1772 59 33
41818 41421 2325 53 184
39207 40837 2289 48 184
42791 41085 2168 55 163
37303 40605 2258 48 163
44137 39872 2131 53 171
37321 42732 2236 49 171
44411 42724 2097 49 99
37277 40618 2378 55 99
45213 38038 1946 53 99
36456 41176 2309 52 299
45353 45383 2449 48 172
41646 35680 1657 53 172
39955 46199 2749 54 84
41778 39920 2129 51 84
40394 36435 1952 50 84
45391 48192 2423 49 280
37967 33354 1947 53 280
45126 50867 2714 49 308
37464 38982 2087 50 308
45046 39342 2013 48 193
36402 43679 2406 48 193
44933 40157 2020 51 170
41640 43480 2483 50 113
39978 42588 2300 51 113
41992 40028 2181 53 102
40494 39578 1986 48 102
44821 42951 2470 46 102
37394 42118 2267 48 154
44438 44632 2136 43 70
37176 41250 2266 52 70
44982 41603 2142 52 70
41555 43975 2277 40 202
40103 40395 2469 51 143
41920 40193 2172 53 143
40268 41013 1957 46 143
44515 41480 2417 43 266
37349 41840 2322 52 266
44108 38816 2152 53 155
37164 35222 1787 51 155
44918 53047 2957 50 341
36482 38805 2100 51 341
45713 42190 2299 49 153
41969 42415 2128 50 112
40246 38193 2248 50 112
43356 36266 1958 53 112
37904 46231 2437 48 230
43668 42324 2149 50 38
36552 38696 2253 52 38
44023 45134 2124 48 38
37133 39843 2261 51 163
45117 42634 2146 51 163
36431 36920 2262 47 101
45493 44322 2166 48 101
35962 42607 2465 50 100
45031 37768 1990 50 100
43166 41623 2467 47 158
37897 41842 2266 50 158
44371 44184 2166 52 135
37396 36487 1966 46 135
