2037 2879 65 59 34
2550 2057 45 59 66
2419 2829 60 60 66
2393 1911 40 59 33
2297 2864 60 60 33
2199 1926 40 60 50
2223 2859 60 59 50
2161 1919 40 59 50
2383 2747 55 60 50
2411 1697 31 60 34
2426 2611 50 60 34
2423 1807 35 59 50
2430 2907 60 59 50
2369 1943 40 60 32
2329 2913 60 60 32
2292 1926 40 59 33
2323 2897 60 59 33
2168 1949 40 60 34
2200 2916 60 59 34
2129 1951 40 60 32
2282 2756 54 59 32
2293 2216 36 60 17
2410 2217 48 59 17
2388 2279 37 60 17
2414 2355 56 60 17
2358 1907 40 60 16
2247 2869 60 59 16
2265 1914 40 59 17
2311 2881 60 60 17
2323 1930 40 59 67
2325 2884 60 59 67
2171 2419 50 60 18
2195 2415 50 59 18
2683 1877 38 59 49
1931 2724 54 59 49
2898 2112 39 60 32
1949 2222 43 60 32
2921 2331 47 60 66
1923 2407 50 59 66
2810 1922 40 60 16
1817 2907 60 60 16
2536 1942 40 59 17
1725 2912 60 59 17
2614 1953 40 60 16
1707 2925 60 60 16
2691 2353 47 60 32
1829 2338 46 60 32
2873 2194 41 60 50
1922 2248 43 59 50
2874 1860 37 59 17
1908 2729 54 59 17
2743 2372 40 60 17
1784 2399 60 60 17
2557 2381 40 60 33
1784 2411 60 60 33
2645 1883 38 59 68
1778 2554 47 59 68
2600 2248 34 59 50
1745 2128 49 59 50
2733 1803 35 60 50
