1170 1274 65 60 49
946 939 45 60 49
1326 1332 60 59 34
1072 869 40 60 34
1057 1361 60 59 49
1001 880 40 60 49
1013 1303 60 59 50
1056 849 39 60 50
1112 1257 53 59 33
1088 841 36 60 33
1126 1281 52 60 66
1074 871 37 60 66
1108 1364 60 59 17
1075 870 40 60 17
1090 1341 60 60 66
1056 1080 40 60 66
1051 1127 60 60 18
1022 870 40 59 18
975 1321 60 59 49
1048 858 40 57 49
1091 1294 55 59 15
1070 1001 34 60 15
1112 1062 50 60 34
1055 1022 34 60 34
1072 1102 57 60 33
1026 1074 40 60 33
1051 1117 60 59 34
947 1064 40 60 34
971 1090 60 60 49
1000 1079 38 60 49
1045 1108 60 60 33
1003 1041 40 59 33
1036 1104 59 60 33
1071 1051 48 59 33
1094 1047 44 59 34
1095 941 36 59 34
1100 1125 45 60 49
1054 1086 48 60 49
1095 1108 50 59 50
1030 1114 50 60 50
1008 1124 50 60 66
942 1090 40 60 66
1024 1116 58 60 34
1027 1067 49 59 34
990 1090 47 59 18
1051 864 40 60 18
1082 1279 53 60 33
1067 975 39 60 33
1115 1080 47 60 49
1056 1049 43 59 49
1067 1123 49 59 33
1013 1071 40 60 33
1014 1136 60 59 50
994 1070 50 59 50
1026 1068 48 60 50
1014 1084 49 59 83
1010 1066 46 59 83
976 1039 46 60 68
1070 1102 49 60 68
1071 1016 35 59 49
