1000 614 40 60 50
925 944 50 59 216
1172 1173 60 60 216
849 854 40 60 135
1170 1180 60 60 135
859 842 40 60 116
1171 1173 60 60 116
838 850 40 59 84
1161 1182 60 60 84
864 850 40 60 84
1189 1151 60 59 84
868 850 40 60 84
1172 1200 60 59 84
838 861 40 59 67
1145 1192 60 60 67
862 861 40 60 84
1210 1205 60 60 84
865 863 40 59 67
1206 1205 60 60 67
856 873 40 59 117
1192 1182 60 60 117
868 867 40 59 114
1162 1221 60 60 114
846 872 40 59 66
1154 1187 60 59 66
801 852 40 60 83
1061 779 40 59 83
779 0 0 59 83
1150 0 0 60 83
1216 0 0 59 83
778 0 0 60 83
811 0 0 60 83
1145 0 0 59 83
1180 0 0 60 83
770 0 0 59 83
1220 0 0 60 83
780 0 0 59 83
1207 0 0 59 83
