2412 3526 65 60 33
3064 2488 45 60 34
2815 3344 60 59 34
2792 2802 50 59 215
2571 2803 50 60 215
2339 2268 40 60 49
2527 3276 58 60 49
2749 2144 37 59 50
2804 3154 55 59 50
2836 2574 43 59 32
2827 2572 44 59 32
2847 2190 38 59 51
2825 3384 60 60 51
2770 2279 40 59 17
2729 3381 60 60 17
2673 2840 50 59 15
2618 2827 50 59 15
2330 2286 40 60 50
2450 3403 60 60 50
2555 2223 38 59 15
2771 3166 54 59 15
3374 2506 41 59 33
2234 2664 46 59 33
3393 2487 41 60 50
2243 2768 49 60 50
3330 2256 40 59 49
2143 3343 60 60 49
3232 2816 50 60 33
2171 2810 50 59 33
3140 2799 49 59 32
2015 2708 47 59 32
2858 2685 46 60 50
2049 2707 47 59 50
3343 2598 44 59 49
2239 2606 45 60 49
3392 2518 42 60 52
2256 2611 45 60 52
3419 2787 39 59 33
2261 2797 60 59 33
3293 2846 50 59 49
2041 2822 50 60 49
2827 2288 40 59 67
1808 3391 60 60 67
3085 2853 50 59 35
2105 2765 48 60 35
3282 2733 39 60 34
2235 2639 53 60 34
3375 2468 40 59 33
2235 2665 46 60 33
3389 2678 46 59 33
2245 2800 50 60 33
3289 2807 50 60 50
2036 2797 50 60 50
2915 2811 50 60 65
1950 2817 50 60 65
2906 2650 45 59 67
1826 2480 41 60 67
3038 2498 41 60 49
2127 2477 41 59 49
3396 2383 38 59 66
