1072 1376 26 59 601
1114 1475 29 59 251
975 1190 23 60 251
1115 1163 22 59 333
1006 1294 23 60 333
1205 1318 24 60 317
930 1073 20 60 317
1207 1300 23 60 264
1036 1140 19 60 264
1442 976 16 60 385
1415 1122 18 60 385
1133 962 15 60 601
1400 1126 18 60 601
1103 945 15 59 368
1370 1122 18 58 368
1332 957 15 59 567
1800 1184 20 59 567
1382 1318 23 59 798
1466 1127 21 60 798
1196 1384 26 60 667
1429 1191 23 59 667
1461 1338 20 60 601
1172 1041 23 59 601
1464 1403 26 60 467
1183 1418 27 60 467
1406 1115 20 60 482
968 1444 28 60 482
1161 1202 23 59 366
924 1444 20 59 366
1142 1090 27 60 249
1125 1317 24 60 249
957 981 17 60 249
1129 1290 23 60 249
981 1298 24 60 315
1124 1324 25 60 315
1019 1220 24 59 516
1226 1453 28 59 516
1122 1104 19 59 415
1288 1156 18 59 415
1120 1103 19 59 400
1472 1317 23 60 400
1534 1448 26 60 715
1202 1200 23 60 715
1462 1501 23 60 483
1200 1215 28 60 483
1365 1373 24 59 482
875 1088 19 60 482
1235 1326 23 60 316
1198 1154 21 59 316
1495 1502 29 57 550
1200 1473 23 60 550
1464 1311 33 60 517
1447 1542 32 59 517
1094 1208 23 60 702
1174 1481 28 60 702
1096 1153 21 60 369
1367 1292 22 60 369
1123 1091 19 59 568
1483 1345 24 59 568
1192 1080 19 59 433
