32 498 10 402
641 469 9 578
763 501 10 435
950 465 10 467
998 499 10 406
952 461 10 457
982 490 10 485
924 470 10 404
985 511 10 465
959 471 10 479
979 500 10 446
935 282 6 439
977 446 9 353
957 468 10 275
957 508 10 481
879 463 10 227
941 495 10 388
935 372 8 510
960 126 2 473
942 458 10 516
884 493 10 442
804 475 10 417
964 508 10 479
926 480 10 387
946 317 6 577
921 238 5 491
963 508 10 469
881 469 10 566
766 501 10 481
736 470 10 491
922 552 11 502
920 410 9 495
946 260 5 494
929 520 11 464
971 452 9 486
754 468 10 485
776 502 10 471
764 462 10 439
939 508 10 478
941 475 10 383
957 80 1 589
925 0 0 609
961 494 10 484
923 473 10 471
946 491 10 482
782 461 10 498
815 499 10 448
916 431 9 501
955 455 9 479
902 469 10 483
784 502 10 523
734 467 10 484
822 500 10 386
921 516 11 497
957 500 9 435
929 423 9 439
964 125 2 633
939 383 8 498
967 455 9 497
906 457 10 502
