434 642 9 440
901 704 11 490
1120 706 10 456
1148 647 10 481
1216 724 10 291
1159 262 4 631
1204 68 0 520
1138 0 0 609
1201 68 0 626
965 130 2 491
1017 697 10 463
955 646 10 493
1020 718 10 613
1127 646 10 544
1184 198 2 385
1111 0 0 412
1186 68 0 348
1175 0 0 308
1203 783 11 505
1134 649 10 488
1202 717 10 512
1102 648 10 485
1176 713 10 473
1107 649 10 504
1155 706 10 357
1106 660 10 486
1186 376 5 503
1112 644 9 487
1150 706 10 518
1096 639 10 347
1172 708 10 554
1103 634 10 513
1222 702 10 589
1153 638 10 528
1174 700 10 414
1099 638 10 425
1218 707 10 477
1096 640 10 462
1133 705 10 480
488 633 10 354
731 708 10 353
665 192 3 573
735 68 0 570
667 0 0 609
745 665 10 382
884 653 10 409
919 716 10 383
989 639 10 357
1110 707 10 369
977 640 10 542
1126 708 10 513
1062 653 10 505
1016 717 10 478
969 653 10 471
1164 727 10 422
1111 658 10 508
1158 717 10 498
1100 644 10 441
1153 660 10 517
1144 683 10 511
