1619 1787 31 58 718
1238 1406 24 59 997
1258 1451 22 60 997
1414 1192 18 59 132
1102 1485 23 60 132
1342 1447 22 59 132
1107 1273 20 60 132
1301 1530 24 59 67
1142 1305 21 60 67
1409 1524 24 59 67
1154 1201 18 58 67
1313 1377 16 59 217
1570 1229 23 59 217
1222 1554 25 59 185
1528 1378 23 60 185
1303 1669 28 60 185
1588 1226 19 60 185
1232 1481 23 59 433
1564 1379 20 59 433
1262 1083 15 60 100
1643 1452 22 59 100
1388 1122 16 60 82
1680 1337 19 59 82
1604 1159 17 59 35
1196 1425 21 60 35
1459 1332 22 60 50
1340 1616 26 59 50
1790 1285 20 59 366
1497 1593 25 60 366
1832 1691 27 59 199
1525 1420 23 60 199
1822 1733 28 60 151
1473 1421 23 60 151
1099 1510 22 60 115
1324 1204 17 59 115
1120 1506 19 60 100
1309 1117 20 59 100
1070 1566 24 59 117
1283 1552 23 60 117
1096 1209 17 59 67
1276 1244 18 60 67
1155 1783 29 60 81
1341 1900 33 60 81
1506 1545 27 59 215
1229 1785 31 60 215
1589 1655 23 59 181
1302 1149 21 58 181
1664 1592 25 59 250
1267 1393 23 58 250
1437 1650 27 59 351
1271 1369 23 60 351
1533 1645 27 59 350
1539 1402 24 60 350
1265 1673 28 59 351
1349 1352 23 59 351
1260 1676 28 60 215
1569 1427 22 60 215
1302 1198 18 60 368
1425 1494 20 59 368
1264 1340 26 60 299
