756 640 21 59 31.9519
703 502 15 60 31.9519
539 594 15 59 36.33499
703 532 21 59 36.33499
543 605 21 59 34.60693
723 536 17 59 34.60693
610 634 20 59 32.46498
732 520 16 60 32.46498
579 609 19 60 31.86798
701 702 20 59 31.86798
608 629 31 60 49.87335
704 605 23 60 49.87335
707 703 25 60 33.60748
605 677 22 60 33.60748
737 523 16 59 49.82758
514 613 21 60 49.82758
701 588 19 59 17.34924
622 701 24 59 17.34924
742 584 19 59 48.51532
643 715 26 59 48.51532
775 606 22 60 67.0929
775 701 23 59 67.0929
637 697 23 60 84.23996
692 623 25 59 84.23996
462 766 33 60 48.77853
683 641 27 60 48.77853
558 535 24 59 50.75836
584 817 34 60 50.75836
568 730 28 60 48.9006
679 660 14 59 48.9006
574 493 26 59 51.18942
693 681 18 60 51.18942
670 595 25 60 49.87335
512 727 28 59 49.87335
651 603 23 59 33.39767
509 729 28 60 33.39767
684 608 24 60 49.53766
616 680 23 59 49.53766
683 480 16 58 84.07974
622 638 21 60 84.07974
744 567 19 60 34.87015
619 686 23 59 34.87015
745 671 23 60 84.66339
761 572 20 60 84.66339
633 740 29 60 66.16211
749 597 23 60 66.16211
609 723 28 59 66.16211
732 603 23 60 81.52008
618 611 19 60 81.52008
709 483 17 59 65.55176
629 592 19 59 65.55176
726 609 18 60 100.2274
639 502 16 59 100.2274
765 710 23 60 66.94794
749 566 20 58 66.94794
616 720 24 60 65.93323
728 583 19 60 31.28052
596 699 23 60 31.28052
741 610 23 60 31.28052
627 765 28 59 66.46729
