762 913 31 60 49.91722
797 673 21 24 49.91722
733 871 24 60 33.63609
812 691 23 58 33.63609
851 862 30 60 49.19624
581 718 26 60 49.19624
923 903 28 60 35.50529
711 832 28 59 35.50529
858 765 20 59 52.52838
629 842 28 59 52.52838
856 636 23 60 49.78561
693 840 28 60 49.78561
920 766 23 60 66.43105
850 842 28 59 66.43105
776 765 23 60 49.67499
807 817 25 60 49.67499
663 790 24 60 33.08105
815 666 19 60 33.08105
747 867 23 59 48.66409
832 685 22 60 48.66409
777 892 27 60 35.31265
859 697 23 60 35.31265
728 909 28 59 49.06845
839 698 23 60 49.06845
857 858 23 60 50.47226
685 673 21 59 50.47226
858 872 24 60 50.44174
583 749 21 60 50.44174
832 734 28 60 48.11859
653 859 33 60 48.11859
847 751 23 59 49.75891
655 827 29 59 49.75891
878 754 22 59 16.3002
670 843 30 60 16.3002
881 773 25 60 31.2767
825 864 33 60 31.2767
720 928 27 59 33.30994
823 692 30 59 33.30994
694 819 27 59 49.12186
817 672 21 59 49.12186
731 889 27 59 50.67825
823 680 22 60 50.67825
749 914 31 59 48.02322
825 686 23 60 48.02322
934 922 32 60 50.15564
720 706 26 60 50.15564
928 900 28 59 49.56818
686 835 28 60 49.56818
845 753 22 60 48.50006
579 735 24 60 48.50006
851 731 19 60 48.73657
638 801 23 59 48.73657
840 728 19 59 48.99597
641 793 23 59 48.99597
826 748 21 60 65.1474
771 845 30 59 65.1474
745 771 24 60 52.1698
863 846 29 60 52.1698
657 906 29 59 52.1698
864 685 23 60 65.89508
