1738 2093 33 60 1576
1267 1837 31 58 1576
1549 2048 32 60 1917
1182 1991 29 60 1917
1536 1649 24 60 1750
1293 2005 31 59 1750
1563 1461 21 60 1519
1458 2065 32 59 1519
1132 1760 28 59 1315
1539 2098 34 60 1081
1283 2108 29 60 1081
1604 1698 34 59 782
1342 1956 30 59 1882
1560 1531 23 59 1882
1307 1925 28 60 1599
1406 1543 22 60 1599
1262 2099 30 59 1352
1448 1788 27 60 848
1550 2172 34 59 848
1266 1852 30 59 318
1484 2286 37 60 151
1199 2209 36 60 151
1578 1474 21 58 167
1276 2041 32 59 167
1526 1754 28 60 167
1210 2144 35 59 385
1490 1790 29 59 116
1342 2143 35 60 116
1189 1619 24 59 116
1511 2085 33 58 252
1305 1836 30 59 121
1585 2260 38 59 121
1479 1903 32 60 121
1737 2163 35 59 397
1336 2236 38 59 397
1511 1777 29 59 448
1170 1946 29 59 448
1466 1715 26 58 385
1647 1976 30 60 385
1349 1587 23 60 218
1641 2004 29 59 218
1241 1876 29 59 183
1585 2173 33 60 183
1283 2102 31 60 233
1662 1737 26 59 233
1448 2135 33 60 300
1689 1809 29 58 300
1184 1980 34 60 250
1515 913 16 60 250
1556 3573 62 60 367
1398 2019 34 60 367
1693 3128 52 60 299
1399 1944 32 60 299
1696 1781 29 60 166
1358 1476 24 60 166
1731 3280 53 59 383
1369 1867 27 60 383
1722 1453 21 60 134
1452 2108 33 59 134
1678 1966 33 60 183
1604 2402 42 59 183
1163 1988 35 60 82
1449 2572 47 60 82
1229 2331 32 59 218
1527 1869 38 60 218
1342 2208 35 60 185
1748 1722 27 60 185
1551 2134 33 59 201
1896 1713 27 60 201
1424 2059 32 60 182
1487 1573 24 59 182
1522 1986 30 59 115
1249 1933 23 60 115
1579 1825 34 60 67
1174 2003 35 60 67
1387 2494 43 59 132
1133 2144 29 60 132
1431 1826 34 59 100
1337 389 6 59 100
1695 0 0 60 100
1689 955 15 60 100
1478 0 0 60 100
1743 0 0 60 100
1336 0 0 60 100
1487 0 0 60 100
1290 14931 238 59 617
1331 1882 31 60 617
1124 2119 32 59 183
1389 1715 26 59 183
1210 2104 30 60 81
1544 1702 24 59 81
1867 2245 33 60 15
1586 1871 29 60 1265
1823 1944 32 59 1265
1300 838 14 60 1235
1680 0 0 60 1235
1316 3549 53 60 1902
1726 3801 68 59 882
1268 2169 36 59 882
1344 1781 29 60 867
1271 2054 33 60 867
1559 1813 30 59 648
1567 2175 35 59 648
1377 721 10 60 648
1673 0 0 60 648
1263 0 0 59 648
1598 0 0 59 648
1356 0 0 59 648
0 0 0 59 648
