20343 17749 367 60 17
20746 21902 496 59 32
20043 22253 461 60 32
22192 17881 369 59 17
18436 22817 471 59 17
22173 18416 382 59 33
18689 22995 480 60 33
22707 19348 391 60 33
18215 21932 489 59 118
22495 21599 392 60 118
17840 19483 489 59 67
22345 22211 439 60 67
20114 18274 421 60 50
20007 22090 463 60 50
21811 18021 381 59 17
17803 22626 487 59 17
21551 19149 392 59 32
18325 21658 494 59 32
22778 21497 442 60 32
18021 19217 435 59 32
22841 20136 430 59 18
18067 19909 425 59 18
22593 21951 461 59 101
20395 17581 371 59 101
19915 21087 423 59 67
22047 19137 425 60 67
18484 22619 480 59 83
21706 18126 387 60 83
18069 23024 498 60 48
21697 19388 399 60 48
17516 21835 491 60 50
22011 22578 476 60 50
18054 17812 392 59 18
22983 22265 471 59 18
20642 17722 374 60 33
20415 22150 470 59 33
22203 17926 382 60 50
18448 22900 495 59 50
21765 20488 400 59 83
18199 21010 500 60 83
22236 23034 447 60 83
18060 18245 443 59 83
22604 22722 470 59 34
20573 17972 385 60 34
20537 22362 466 60 32
20168 17983 371 60 32
19879 22740 472 60 35
21165 19123 380 59 35
17831 21705 478 59 48
21765 18207 389 60 48
17120 22402 475 59 33
21680 21372 439 60 33
17887 18008 364 60 50
22474 21785 431 60 50
20369 17625 344 60 50
20216 22603 454 60 50
21528 17798 357 60 50
17856 21925 442 60 50
21009 18651 366 60 16
17443 21095 464 60 16
