8067 7393 455 60 17
8026 6804 415 60 17
7982 8585 487 60 33
7957 7056 397 60 33
7996 8790 485 59 50
8497 7763 432 60 50
7156 7858 434 60 35
8610 7723 439 59 35
6937 7761 434 60 47
8592 8460 489 60 47
6995 6695 392 60 50
8661 7482 439 60 50
7791 7280 430 60 84
7787 8103 481 60 84
7745 7577 443 59 50
7573 7477 439 60 50
8331 6724 389 60 48
7094 8339 491 58 48
8651 8130 440 60 33
6890 6427 428 59 33
8675 7277 431 59 18
6921 7115 421 59 18
8742 7426 435 59 33
7813 7311 429 60 33
7847 8128 470 58 33
7684 6509 377 60 33
7706 8307 475 60 66
8151 6758 385 59 66
6783 8535 484 60 32
8079 8319 390 59 32
6682 6646 496 59 16
8551 8173 489 60 16
7927 6378 379 60 15
8100 7799 454 59 15
8075 6526 373 60 50
7988 8378 473 60 50
8646 6895 393 59 51
7081 8615 500 60 51
8456 7897 450 59 33
6770 7822 450 59 33
8629 8614 500 59 100
7024 6653 398 59 100
9066 8283 486 59 50
8133 6631 383 59 50
7997 8380 476 59 35
7808 6778 373 60 35
7697 8698 465 60 66
8125 7928 435 59 66
7006 7786 434 59 33
8491 6859 387 60 33
6870 8348 466 60 16
8673 8153 404 60 16
7200 6513 401 59 32
8933 6551 359 60 32
7936 8490 457 60 34
7727 8475 451 59 34
7693 7783 358 59 50
7589 7556 458 60 50
8387 7510 367 59 17
7101 7333 468 59 17
