8305 9047 474 59 34
8186 7653 408 59 34
8304 9442 493 60 33
8408 7297 398 60 33
8660 8990 489 60 33
9281 7936 384 59 33
7840 8288 480 59 50
9340 8882 425 56 50
7408 7664 429 60 33
8996 9021 474 60 33
7123 7699 399 60 33
8868 9203 490 59 33
8008 7262 392 60 33
7951 8993 491 60 33
7963 7283 393 59 49
7777 9122 495 59 49
8578 8265 392 59 17
7303 8134 493 59 17
8895 8769 443 59 34
7056 7313 424 59 34
8900 8913 428 60 65
7128 7022 425 60 65
8978 8828 481 60 32
7961 7047 390 59 32
7965 9006 497 60 50
8482 7109 395 59 50
7404 9047 492 59 32
8938 8079 439 60 32
7156 8083 439 59 16
8677 8951 479 59 16
6935 7132 392 60 33
8718 8855 467 60 33
8074 7164 374 58 17
7952 8797 474 59 17
8090 7152 377 59 33
7991 9001 486 59 33
8786 7288 394 60 33
7452 8908 492 60 33
9116 8859 442 60 34
7256 7430 445 60 34
9207 9031 494 60 82
7352 7276 399 60 82
9221 9330 497 59 16
8204 7400 395 59 16
7925 9273 490 60 34
8360 7512 395 60 34
7151 9612 498 60 15
8652 7439 397 59 15
7356 9132 477 59 17
9461 8600 444 60 17
7605 7324 365 60 34
9412 8871 442 59 34
8566 7370 357 60 50
8092 9311 456 60 50
7956 7580 377 60 83
7649 9354 477 60 83
8453 7369 374 60 17
7262 9061 467 59 17
9356 7163 375 60 33
7521 8687 466 59 33
