24645 26301 427 59 32
25536 24044 456 60 32
24333 27757 486 60 34
26825 22158 391 60 34
22272 27814 491 59 32
27386 23385 393 60 32
21850 27009 489 59 51
28028 23350 388 59 51
22414 27179 490 60 69
27405 28022 440 60 69
21620 22319 436 60 33
26920 27717 438 60 33
24289 21905 428 60 34
24400 27303 476 59 34
26872 21994 385 60 16
21398 27328 477 60 16
26855 25121 442 60 35
21876 25260 445 60 35
27541 25091 439 59 35
22053 24921 439 59 75
27523 27403 478 60 16
24892 21632 374 60 16
24532 26838 422 60 16
27019 22019 429 59 84
22179 27285 477 59 34
26707 21910 384 59 34
21846 27428 435 59 34
27604 23191 437 60 32
21709 26483 483 59 32
26696 24946 440 59 49
21250 24798 435 60 49
27033 27416 479 59 48
24713 21542 374 59 48
24972 26184 447 60 50
27186 21459 371 59 50
22941 27454 480 60 33
27748 22375 395 60 33
21933 28144 498 60 117
27241 23233 393 59 117
21729 26502 483 60 14
27097 26947 437 59 14
22041 23069 441 60 49
27672 27374 446 59 49
24977 23487 448 60 17
24406 28284 493 59 17
26385 22358 387 60 15
22086 27165 463 59 15
26709 23555 368 59 84
20756 24757 458 60 84
25885 24412 421 60 16
20806 24283 419 58 16
26747 26354 403 60 84
21799 20659 388 59 84
27873 26113 390 59 17
24917 21428 400 60 17
24481 27321 462 59 49
26307 21214 355 59 49
21426 26648 447 59 83
25943 24351 361 60 83
20225 24371 466 59 49
