7906 8456 453 59 67
7989 7392 412 60 67
7977 9002 495 59 67
8191 6967 399 60 67
8290 8580 488 59 83
8916 6967 383 60 83
7381 8864 472 60 47
8817 8706 425 59 47
7036 7449 432 60 34
8563 9129 483 60 34
6935 7202 398 59 30
8694 8744 481 60 30
7844 6848 384 59 16
7784 8677 485 59 16
7710 7093 395 59 68
7645 8863 491 59 68
8265 8052 395 60 17
7056 7880 485 59 17
8590 7731 437 60 34
6866 7687 422 60 34
8559 8532 472 59 66
7828 6827 376 60 66
7742 8688 483 60 33
7676 6978 398 59 33
7727 8667 496 59 48
8575 6927 397 60 48
7269 8488 481 60 32
8560 7609 429 59 32
7176 7637 422 60 33
8548 8367 458 60 33
6804 7082 390 60 33
8710 8537 473 59 49
7927 6948 384 59 49
7891 8651 471 60 51
7851 7006 399 59 51
7886 8800 488 59 67
8631 6914 385 60 67
7430 8721 484 60 31
8941 6973 396 59 31
7090 8762 489 59 33
8847 7861 435 60 33
7212 8019 433 59 18
8967 8111 438 60 18
7906 8138 441 60 85
7627 7340 400 60 85
7788 9196 497 58 49
7613 9073 493 59 49
8458 8108 392 59 33
7371 7822 480 60 33
9053 7734 420 60 33
7067 7558 390 60 33
8765 8585 400 59 37
7090 7078 364 58 37
8714 9082 456 60 66
7653 7207 367 59 66
7650 8602 455 59 83
8455 6990 376 59 83
7315 8417 458 59 34
9195 7523 359 59 34
7201 7519 456 60 17
