8379 7128 390 60 83
8506 9569 517 60 35
8516 8258 438 60 35
8440 8038 435 60 100
8595 8881 477 60 100
9328 7254 392 59 250
7822 7280 367 60 250
9261 10017 527 59 131
7286 8436 435 60 131
8892 9097 392 60 33
7112 7556 490 59 33
8924 8949 442 59 63
8152 7066 432 60 63
8088 8021 386 59 32
8068 6411 386 60 32
8082 9145 483 60 83
8792 9227 495 59 83
7121 9053 493 59 33
9002 8060 383 60 33
7213 8081 481 59 66
8976 8849 476 60 66
8130 7134 384 59 66
8108 8893 482 60 66
8052 7126 389 59 66
8028 8915 482 60 66
8792 7098 381 60 99
7459 8861 480 60 99
9005 7939 374 60 51
7152 7912 467 59 51
8709 8636 462 59 82
6947 7413 389 60 82
8932 9005 480 60 52
8208 7277 389 60 52
8218 8976 484 60 66
8084 7193 385 60 66
8160 8971 480 60 66
8908 7177 390 60 66
7608 8965 484 60 52
9186 8212 441 59 52
7248 8184 429 60 39
9064 9110 470 59 39
7316 7382 393 60 83
9297 9264 483 59 83
8198 7445 392 59 18
8003 9245 488 59 18
8004 7420 392 59 67
7997 9140 484 59 67
8721 7721 399 60 49
7462 9135 474 60 49
9211 8807 422 60 50
7326 7377 404 60 50
9089 8606 423 59 50
8401 7511 359 59 50
8292 9142 454 60 32
8353 7287 365 58 32
8044 9083 464 59 35
8628 7321 374 60 35
7277 9026 458 60 48
8870 7181 355 60 48
7305 8839 438 59 68
