1318 0 0 60 53
1087 0 0 60 53
1478 3731 80 59 49
930 938 20 60 49
1425 1440 30 60 33
931 930 20 59 33
1444 1416 30 60 33
942 928 20 59 49
1451 1421 30 60 49
961 951 20 60 33
1466 1425 30 60 33
949 963 20 59 32
1420 1443 30 59 32
916 968 20 60 33
1407 1448 30 59 33
965 985 20 59 32
1464 1456 30 59 32
978 987 20 60 33
1449 1458 30 59 33
978 969 20 59 32
1452 1449 30 60 32
970 969 20 59 32
1453 1449 30 60 32
975 969 20 59 33
1406 1440 30 59 33
921 973 20 60 51
1369 1450 30 60 51
1392 968 20 59 32
963 1445 30 60 32
1424 960 20 60 35
944 1433 30 60 35
944 962 20 60 50
1423 1417 30 60 50
1426 945 20 59 50
959 1400 30 60 50
1449 949 20 59 17
978 1419 30 60 17
1431 955 20 59 66
922 1435 30 60 66
1323 971 20 60 50
905 1451 30 60 50
1409 973 20 60 50
976 1470 30 60 50
981 981 20 60 67
1458 1458 30 59 67
977 970 20 60 66
1460 1459 30 60 66
973 966 20 60 67
1454 1451 30 59 67
975 972 20 59 52
1405 1426 30 59 52
1276 968 20 59 51
735 1450 30 60 51
1214 965 20 59 49
856 1402 28 59 49
1367 820 14 60 50
947 1306 25 59 50
1411 837 15 59 66
952 1380 28 59 66
1428 949 20 60 34
