592 519 25 60 67
670 279 15 60 67
459 0 0 59 67
642 0 0 60 67
439 0 0 59 67
654 0 0 59 67
444 0 0 59 67
653 0 0 60 67
460 0 0 58 67
658 0 0 58 67
454 0 0 60 67
679 5847 260 60 916
464 684 30 59 17
629 442 20 60 17
458 685 30 59 50
688 439 20 60 50
481 693 30 60 32
662 450 20 59 32
468 718 30 59 50
663 449 20 60 50
471 690 30 60 50
659 436 20 60 50
470 688 30 59 32
642 433 20 60 32
442 687 30 59 34
607 435 20 59 34
434 664 30 60 50
401 421 20 60 50
659 683 29 59 49
453 431 20 59 49
698 683 30 60 34
431 437 20 60 34
688 688 30 60 50
431 419 20 60 50
695 661 30 60 49
446 437 20 59 49
672 665 30 60 67
420 429 20 59 67
654 706 30 59 33
387 442 20 59 33
565 680 30 59 66
401 428 20 59 66
678 670 28 60 50
426 429 19 59 50
681 702 30 60 32
437 461 20 60 32
681 701 30 60 51
437 438 20 59 51
668 702 30 60 68
418 437 20 60 68
631 683 30 59 67
384 439 20 59 67
550 673 30 59 68
342 420 20 60 68
639 655 27 59 67
419 381 14 59 67
666 610 22 60 49
424 378 14 59 49
661 685 29 60 50
408 437 20 59 50
