733 454 20 59 348
564 558 25 60 348
791 787 30 60 117
468 479 20 60 117
766 792 30 59 150
462 470 20 60 150
777 731 30 60 132
457 462 20 60 132
789 758 30 59 83
482 474 20 59 83
749 743 30 60 150
508 523 20 59 150
753 752 30 59 117
507 508 20 60 117
752 745 30 59 50
530 519 20 60 50
740 763 30 59 267
504 526 20 60 267
752 769 30 59 234
508 511 20 59 234
730 745 30 60 267
509 510 20 60 267
722 745 30 60 217
479 501 20 60 217
692 746 30 59 184
645 509 20 60 184
446 742 30 59 184
643 481 20 59 184
494 742 28 60 234
741 507 19 60 234
496 744 30 60 317
740 503 19 59 317
498 751 30 59 267
727 496 20 60 267
514 734 30 59 200
743 515 20 59 200
495 738 30 59 167
711 505 20 59 167
469 758 30 59 116
598 508 20 60 116
408 734 28 59 216
717 496 18 59 216
499 694 22 60 150
718 474 14 59 150
499 714 24 60 117
727 505 20 60 117
503 748 30 59 149
742 479 20 60 149
480 751 30 60 118
702 513 20 58 118
460 744 30 60 101
619 518 20 60 101
421 733 30 59 100
650 479 18 60 100
500 679 23 59 82
730 446 13 59 82
493 662 22 59 132
692 447 17 60 132
527 761 27 60 117
701 470 20 59 117
