1270 1165 25 59 26
1359 1366 25 59 367
1661 1661 30 60 367
1124 1129 20 60 301
1635 1656 20 59 301
1123 1123 30 59 267
1651 1634 20 59 267
1131 1115 30 60 317
1663 1649 20 59 317
1148 1125 30 59 283
1669 1649 20 60 283
1148 1135 30 60 232
1649 1673 20 60 232
1081 1142 30 60 250
1582 1668 30 60 250
1161 1159 20 59 234
1679 1702 30 60 234
1146 1158 20 59 280
1684 1691 30 60 280
1137 1133 20 60 183
1698 1693 30 60 183
1138 1129 20 59 282
1699 1695 30 59 282
1139 1131 20 60 167
1592 1687 20 59 167
876 1134 30 60 116
1283 1692 30 59 116
1198 1132 20 60 135
932 1656 29 59 135
1626 1057 18 60 133
1108 1653 29 60 133
1663 1125 20 60 117
1118 1663 30 60 117
1672 1099 20 60 100
1127 1639 30 60 100
1699 1113 20 59 134
1141 1663 30 60 134
1701 1115 20 60 282
992 1685 30 59 282
1294 1139 20 60 84
804 1695 30 59 84
1511 1130 20 59 34
1134 1358 21 57 34
1702 907 14 60 34
1137 1473 24 60 34
1695 1136 20 60 66
1134 1687 30 60 66
1697 1134 20 59 150
1136 1690 30 60 150
1657 1133 20 60 84
990 1690 30 59 84
1208 1131 20 60 34
792 1691 30 59 34
1377 1133 20 60 50
1005 1466 24 59 50
1652 982 16 59 67
1107 1527 26 60 67
1666 1085 19 57 100
1117 1654 30 60 100
1675 1104 20 60 84
