1085 960 45 59 34
1207 981 45 60 34
924 1128 50 60 33
1143 1140 40 58 33
925 920 50 59 34
1125 1161 50 59 34
911 914 40 59 16
1134 1134 50 60 16
914 930 39 59 66
1135 1159 50 59 66
905 949 40 59 49
1135 1165 50 60 49
1176 933 40 60 50
930 1127 50 59 50
1156 1074 50 59 49
920 898 39 59 49
1120 1166 49 60 51
890 918 40 60 51
1133 1144 40 59 50
913 940 50 59 50
1128 1173 50 59 17
891 927 40 60 17
1158 1182 50 59 50
1142 933 40 59 50
913 1117 50 59 50
1164 884 40 59 50
894 1078 46 60 50
1050 1002 35 59 50
831 851 33 59 50
974 1139 48 60 50
762 930 40 60 49
1015 1168 50 59 49
1133 927 40 59 50
909 1167 50 59 50
1159 1169 38 59 67
927 936 50 59 67
1155 1143 50 60 33
943 956 38 60 33
1132 1284 50 59 16
895 1039 40 60 16
1197 1280 50 60 49
1046 974 40 59 49
1305 1160 44 60 50
1281 918 32 60 50
966 1179 45 59 66
1063 981 31 60 66
801 1245 40 59 51
1067 1209 42 58 51
880 942 35 60 66
1119 1099 37 59 66
872 931 32 59 50
1129 1130 42 60 50
905 904 36 59 34
1204 1145 44 60 34
1125 909 31 60 16
891 1182 48 59 16
1080 968 40 59 50
785 1194 50 59 50
1059 1181 49 59 35
910 870 36 59 35
