1086 1162 50 59 41
1301 1088 45 60 41
1006 1234 50 59 17
1245 1020 40 60 17
1019 1252 50 59 51
1234 1003 40 60 51
1005 1258 50 58 33
1239 1238 50 59 33
1005 1019 40 60 67
1229 1261 50 59 67
986 1022 40 59 32
1246 1260 50 60 32
1269 1030 40 60 51
1006 1234 50 59 51
1250 947 40 60 17
997 1210 49 59 17
1212 1266 49 60 51
957 1013 40 59 51
1227 1235 50 59 33
997 1018 40 59 33
1216 1253 50 60 33
1219 1012 40 60 33
986 1266 50 60 34
1231 1012 40 60 34
979 1203 50 60 36
1242 1173 50 59 36
993 912 33 59 33
1145 1088 35 59 33
893 920 31 59 15
1039 1222 48 60 15
832 995 40 60 17
1145 1271 50 59 17
1225 993 36 60 49
995 1268 49 60 49
1264 1045 40 60 35
984 1272 50 59 35
1221 1249 50 60 33
1019 1030 40 56 33
1220 1367 49 60 32
971 1127 40 59 32
1255 1374 50 60 33
1132 1055 40 60 33
1426 1224 45 59 17
1369 1015 32 60 17
1009 1240 37 60 16
1101 1326 32 59 16
831 1067 39 60 49
1035 1277 43 60 49
908 1027 37 60 33
1226 1228 42 60 33
1010 1059 36 60 31
1152 1284 44 60 31
1238 997 34 59 33
1056 1240 45 60 33
1207 992 34 60 34
931 1260 48 60 34
1130 1009 40 59 16
862 1212 50 60 16
1149 1248 50 60 30
997 988 38 59 30
