3770 4729 110 60 34
5265 5058 91 59 16
4219 4240 95 60 16
5194 4745 87 59 16
4353 4795 110 60 16
5157 5294 90 59 16
4112 4337 110 59 16
4864 5314 90 59 17
4104 4310 110 60 17
5472 4178 87 59 16
3594 4969 98 59 16
5552 4690 96 60 33
3716 4513 89 59 33
5559 4499 90 59 17
3693 4674 95 59 17
5477 5128 103 59 18
3759 4298 88 59 18
5725 5272 110 59 34
3712 4341 90 59 34
5467 5293 110 59 34
3708 4277 89 60 34
5717 4169 84 59 50
3765 5139 104 60 50
5635 5043 100 59 16
3717 4188 85 59 16
5484 5100 102 59 32
3610 4126 82 60 32
5338 5062 101 59 32
3569 4237 85 60 32
5492 5295 109 60 68
3778 4377 90 59 68
5580 5339 110 60 17
3598 4369 90 60 17
5493 5338 101 59 16
3795 4318 98 60 16
5804 5050 101 59 49
3884 4135 84 60 49
5800 5166 105 59 16
3795 4249 87 60 16
5542 5218 97 60 18
3612 4242 96 60 18
5393 5220 97 60 16
3567 4318 100 60 16
5343 5280 110 59 50
3648 4331 89 60 50
5500 5263 108 60 31
3746 4224 84 60 31
5735 5191 104 59 50
3873 4192 83 59 50
5706 4985 97 60 33
3793 4318 88 60 33
5582 5284 109 59 51
3565 4355 90 60 51
5409 5308 110 59 32
3596 4329 89 60 32
5428 5286 110 60 33
3747 4271 86 59 33
5466 5245 106 58 34
3570 4161 82 60 34
5556 5031 98 60 50
