2091 1997 92 60 18
2223 2167 94 59 33
2187 2143 93 59 33
2156 2188 94 59 65
2182 2199 100 59 65
2147 2201 100 60 51
2104 2219 99 60 51
2002 2181 100 59 50
2093 2147 100 60 50
2042 2138 98 60 33
2053 2120 93 60 33
2073 2094 91 60 32
2156 2110 89 60 32
2112 2094 87 59 16
2038 2162 94 59 16
2119 2123 92 59 19
2165 2173 97 60 19
2151 2185 99 59 16
2160 2195 100 59 16
2065 2388 100 59 17
2105 1968 100 60 17
2140 2206 98 60 34
2176 2161 94 60 34
2158 2116 95 60 68
2158 2078 91 60 68
2160 2120 91 60 34
2008 2119 94 60 34
2092 2098 88 59 35
2024 2168 95 59 35
2104 1962 87 60 26
2112 2400 110 60 26
2152 2168 100 59 18
2117 2173 100 60 18
2047 2150 97 59 33
2168 2157 98 60 33
2209 2178 98 59 50
2160 2050 90 59 50
2187 2057 91 59 83
2168 2150 93 59 83
2124 2118 93 59 33
2014 2163 96 59 33
2097 2396 94 59 18
2075 1979 98 59 18
2097 2180 100 60 34
2125 2180 100 60 34
2065 2181 100 59 51
2105 2134 99 60 51
2151 2178 97 59 50
2162 2139 90 60 50
2342 2541 98 59 33
1902 1717 83 59 33
2316 2428 107 59 66
1769 1976 90 59 66
2245 2410 110 59 33
1843 1993 90 59 33
2247 2647 110 60 33
1874 1744 89 60 33
2315 2580 109 60 33
1872 1713 85 59 33
2261 2148 96 60 32
