1977 2470 103 59 66
2709 2576 93 60 66
2153 2126 93 60 68
2582 2658 98 60 68
2120 2160 100 60 33
2569 2643 90 59 33
2060 2173 110 59 67
2439 2354 100 59 67
2088 2339 100 59 51
2742 2321 96 60 51
1806 2267 92 59 51
2769 2266 89 59 51
1886 2293 88 59 67
2838 2538 100 59 67
1921 2055 80 59 33
2803 2358 94 60 33
1875 2393 99 59 32
2799 2608 110 59 32
1851 2181 90 59 50
2693 2611 110 60 50
1857 2142 89 59 17
2824 2657 107 60 17
1912 2147 86 60 49
2826 2518 101 60 49
1899 2116 86 60 51
2778 2555 97 59 51
1864 2100 84 60 66
2780 2526 100 59 66
1856 2140 85 60 49
2768 2365 98 56 49
1876 2322 98 59 85
2802 2566 92 59 85
1795 2084 93 60 50
2719 2541 105 59 50
1875 2133 86 60 49
2824 2568 102 59 49
1906 2046 81 60 49
2853 2563 102 60 49
1881 2149 87 59 49
2788 2595 100 59 49
1802 2170 100 59 50
2653 2670 110 59 50
1859 2163 90 59 35
2752 2608 110 59 35
1844 2137 90 60 33
2773 2597 108 59 33
1822 2133 86 59 16
2824 2571 98 59 16
1881 2135 83 60 49
2801 2496 96 60 49
1891 2143 84 60 34
2732 2624 106 59 34
1842 2128 90 60 67
2649 2642 110 59 67
1775 2178 90 58 64
2710 2879 110 59 64
1831 1891 87 60 33
2743 2554 105 60 33
1812 2110 86 60 34
2741 2565 108 59 34
