4360 5818 103 59 98
6074 5126 90 59 98
4896 5745 97 60 34
6168 5536 97 59 34
5085 4514 80 60 83
6028 6192 110 59 83
4784 6225 109 59 33
5628 5633 100 59 33
4785 5501 97 60 32
5931 5458 96 59 32
4717 5160 88 60 50
5890 4312 75 59 50
4887 6345 108 59 50
5911 4843 84 60 50
4827 6011 104 60 69
5912 5298 91 60 69
4994 5663 100 59 32
6043 5641 100 60 32
4814 5666 100 60 83
5818 5665 100 59 83
4855 5643 99 60 33
6535 5586 98 59 33
4406 5267 89 60 16
6471 5523 96 60 16
4233 5411 93 60 50
5810 5463 95 59 50
4717 5592 99 60 50
6050 5148 87 59 50
4014 5421 94 60 33
5874 5058 89 59 33
4699 6233 110 60 17
5885 5062 89 60 17
4764 6139 107 59 52
6338 6039 96 59 52
4413 4885 94 60 51
6703 5847 95 60 51
4430 4791 89 60 32
6013 5312 92 59 32
4882 5322 92 59 49
5758 5194 89 60 49
4711 5384 93 59 51
5852 4892 85 59 51
4538 6095 107 59 32
6115 5548 98 60 32
4161 5502 96 59 49
6317 5385 93 60 49
4321 5486 95 59 16
6604 5885 101 60 16
4444 5046 88 60 32
6746 5899 101 60 32
4390 4919 85 59 49
6371 5585 98 59 49
4169 5571 98 59 32
6031 6203 110 59 32
4133 5099 90 60 100
6351 5636 99 59 100
4284 5478 95 60 49
6402 5964 103 59 49
4134 4891 84 60 49
6414 4750 81 59 49
