38506 37141 750 60 80
41776 43808 1017 59 80
40940 41368 873 59 50
43414 40730 843 60 50
39003 43067 858 59 216
45654 39111 858 60 216
37386 45949 923 60 116
45203 37610 822 60 116
36992 44461 959 59 100
45018 42114 771 60 100
36805 40311 971 60 48
45671 40723 775 59 48
41448 41774 962 60 34
41232 43660 911 60 34
41340 38764 827 60 31
40919 42946 856 60 31
45339 38553 853 60 49
37007 45369 956 59 49
45187 36245 768 57 84
37155 44992 957 60 84
45293 39262 774 58 150
41063 42432 973 59 150
41003 38512 783 59 110
41360 43369 966 60 110
41369 44704 918 59 102
43436 36664 818 59 102
39091 44240 925 59 65
45227 37652 834 59 65
36863 46055 993 59 101
44901 37870 793 58 101
36705 45157 993 60 34
45451 42458 892 59 34
41036 40421 893 60 50
40973 43528 892 60 50
40919 39465 892 60 216
40587 46019 934 59 216
43480 36870 839 59 50
38872 45947 994 60 50
45066 37631 793 59 134
36850 44828 999 60 134
45074 36760 796 59 86
36873 45918 990 60 86
45732 40517 775 59 32
41581 41278 966 59 32
41728 39306 772 59 62
42044 42217 965 60 62
41905 43007 918 59 44
43810 38507 821 60 44
38715 45271 961 60 32
44643 39407 777 60 32
36176 42320 931 58 35
44006 39002 825 58 35
35729 42310 920 59 51
45017 41689 822 60 51
41306 39259 876 59 82
41444 45647 1013 60 82
43674 38803 828 59 117
38891 45682 974 60 117
44878 37618 774 59 67
36458 42387 868 60 67
