14518 12551 761 60 32
15395 16075 1014 59 32
15699 16804 821 59 49
16463 11055 745 59 49
14899 18649 1057 59 32
16537 14381 819 59 32
14888 16945 968 60 49
17143 13655 790 59 49
14156 16985 985 60 49
17310 16132 945 59 49
13793 14576 848 58 67
17049 16138 845 59 67
15285 14257 928 59 51
15138 16712 963 60 51
15884 13391 765 60 95
14041 16695 946 60 95
16523 13160 752 59 50
13600 16358 951 60 50
16687 13897 809 59 51
13744 15655 905 60 51
16636 16501 825 60 68
13358 13200 919 60 68
16716 16343 962 59 45
15248 13115 777 59 45
15120 16457 965 59 95
15726 13220 770 60 95
14067 16497 960 59 66
15648 14280 774 59 66
13875 16085 981 60 66
16339 13490 778 60 66
13612 16888 970 60 65
17018 16021 932 60 65
13670 14341 828 60 48
16881 16894 981 60 48
15241 13554 783 59 36
15366 16899 985 60 36
16202 13703 797 60 16
14567 17161 997 60 16
16793 14614 847 60 68
13642 16263 950 59 68
16770 13620 749 59 250
13899 16977 1045 59 250
17220 15400 845 59 49
15626 15045 941 60 49
15809 17080 991 59 65
16860 13680 787 60 65
15222 17115 984 59 49
16900 13674 787 60 49
15031 17164 990 60 32
17447 14464 785 58 32
14200 16306 983 60 78
17175 14519 832 59 78
13744 16369 930 59 66
17267 16492 926 60 66
15729 14792 821 60 100
15844 17409 965 59 100
16868 13851 764 59 33
15185 16555 815 60 33
16788 15586 917 60 111
14951 16528 954 60 111
