15403 14778 899 60 50
16051 15057 857 59 50
16098 17587 942 60 49
16687 14648 781 59 49
14890 18102 989 60 33
16527 14328 795 60 33
12915 17788 998 59 100
16363 15677 844 59 100
14883 15809 937 59 99
17375 16568 922 58 99
14030 14905 812 59 103
17601 17432 939 60 103
15751 13974 772 60 19
15675 17435 943 60 19
16372 14038 776 60 66
14447 17425 965 60 66
16214 13837 776 60 17
14328 17275 971 59 17
16691 16348 875 60 17
13800 14637 864 59 17
16811 16236 915 59 69
13611 14316 790 59 69
17478 16860 934 60 34
15643 13507 740 59 34
15778 16139 887 59 48
16329 14772 807 60 48
14507 17516 975 58 17
16116 14121 791 59 17
14448 17645 988 59 64
16942 16646 894 59 64
14133 14920 882 60 52
17538 17435 942 57 52
14155 14401 840 60 52
17565 17613 988 60 52
16546 14065 781 59 17
14998 17554 975 60 17
16707 14049 781 59 33
15153 17566 983 60 33
17423 15743 888 60 68
14301 15866 882 59 68
17506 16631 937 60 82
14052 15158 847 60 82
17541 17889 943 58 66
15891 14099 838 59 66
16068 17556 977 59 18
16332 14043 777 60 18
16414 17530 966 60 50
17216 13986 772 59 50
15362 17594 977 60 34
17520 14997 786 60 34
14156 16716 983 59 66
17290 16906 941 60 66
13842 15114 833 58 44
17705 17361 963 60 44
16258 14214 782 60 100
16289 17519 958 60 100
17248 14141 762 60 28
15512 17884 955 60 28
16965 14511 778 59 82
15049 18205 978 60 82
