46774 45299 803 60 49
51404 50418 865 60 117
49350 54141 952 58 117
52724 49406 851 60 87
47092 48661 833 60 87
53278 49566 853 60 84
47777 51882 859 58 84
56002 49365 872 59 117
44611 54965 867 60 117
55422 48307 939 60 68
43965 50718 829 59 68
54566 53571 937 59 68
53100 50895 942 60 68
47785 50466 878 58 50
53383 50166 869 60 50
47544 49909 859 59 86
55323 50447 874 60 86
44923 55141 869 60 85
55674 45227 874 60 85
44093 52055 869 59 115
54673 50157 875 59 115
49903 53556 970 58 67
49460 48768 836 59 67
49801 52159 931 60 68
49423 48280 825 59 68
54420 52090 927 60 68
45292 50233 880 60 68
56609 50568 885 60 99
45414 55833 893 60 99
56843 47160 900 58 17
44901 54120 899 60 17
55007 49135 900 59 103
44074 54733 999 58 103
55742 49324 848 60 122
53335 53008 949 60 122
47316 50878 892 60 233
55207 50945 889 60 233
45432 50812 891 60 65
55965 51101 898 60 65
44598 55170 900 58 34
55435 48108 900 60 34
44376 54945 896 60 85
55800 48413 937 60 85
50714 53505 933 60 44
51074 49621 781 59 44
54175 50867 963 60 83
48071 49604 859 59 83
55759 50194 873 58 18
45317 53556 883 59 18
55314 49479 878 60 137
44362 49469 883 60 137
55188 52629 937 59 85
44154 49671 831 60 85
55282 53355 928 60 83
44539 51426 930 60 83
55879 49933 864 58 34
54670 50181 868 60 34
44006 50251 870 60 82
54049 50278 783 60 82
43422 51914 940 60 64
