15125 14593 865 58 19
16127 13960 809 58 50
16005 17462 954 60 50
16719 14227 776 60 33
14954 17781 977 60 33
17542 14331 808 59 32
14560 17749 998 60 32
17964 15737 891 59 32
14208 15641 890 59 32
17713 15705 891 59 17
14181 15608 877 60 17
17929 17157 957 59 49
16166 14124 788 60 49
16255 17401 978 59 49
17368 13780 772 58 49
14345 17492 971 60 33
17446 13781 780 60 33
13957 17030 974 60 47
17503 13511 788 60 47
14039 16983 976 60 36
17475 16494 951 60 36
15663 13646 777 59 52
15656 16527 944 59 52
16823 13410 747 60 17
15198 16833 939 60 17
17406 13492 752 58 34
14111 16749 948 60 34
17382 13716 777 59 32
13772 17171 973 58 32
17364 15716 796 59 86
13978 15524 998 59 86
17564 15523 894 59 52
15696 15405 886 57 52
15877 17045 977 59 82
17396 13657 778 59 82
14554 17335 980 57 55
17534 13875 792 60 55
14530 17332 993 60 84
17645 13924 795 60 84
14118 17436 982 60 34
17605 17031 786 60 34
14026 14178 988 59 14
17591 17164 818 58 14
15985 14199 964 60 52
16156 17379 990 60 52
17798 13971 789 59 65
14687 17301 970 58 65
17955 13786 764 60 34
14315 17231 958 60 34
17706 15506 869 60 49
14161 15574 868 60 49
17696 15789 870 60 33
16024 15773 873 60 33
16202 17453 957 60 85
17094 13803 763 59 85
15692 17162 953 59 28
18070 13713 760 59 28
14854 17404 950 60 16
17972 13955 757 60 16
14385 17761 946 60 34
