14944 14539 866 59 50
15854 13946 813 59 67
15553 17121 925 60 67
16144 14071 765 59 30
14443 17597 980 60 30
16343 14106 797 59 34
14740 17378 998 60 34
16603 15220 814 60 34
14877 15103 960 60 34
17660 14478 783 59 36
13959 16008 975 59 36
17419 16979 865 60 51
15611 13595 866 59 51
15776 17088 980 60 98
16313 13613 781 59 98
14604 17173 986 60 115
16223 13604 794 60 115
14449 16868 993 60 116
16786 15134 793 60 116
13890 13420 883 59 50
17125 18192 970 60 50
13744 13792 877 59 49
17086 16773 974 59 49
15328 13548 781 60 33
15559 16864 980 58 33
16214 13508 779 59 48
14338 16974 979 60 48
16698 14796 789 60 49
13666 16104 992 59 49
16948 13582 785 58 50
13881 16678 971 58 50
17557 16350 893 59 99
15750 13886 871 59 99
15925 16937 970 58 33
16598 13643 782 59 33
14949 17045 975 58 49
16506 13636 785 58 49
14909 17191 993 59 69
16534 14753 796 59 69
14831 16024 992 57 67
17274 13517 797 58 67
13902 16805 991 59 18
17442 16623 884 60 18
15742 13761 880 59 66
15843 16863 874 59 66
16563 13524 869 60 50
14932 16954 980 58 50
16485 13591 780 59 49
14729 17123 983 59 49
17173 14718 796 59 67
13728 15966 995 60 67
17204 13457 787 60 50
15490 16856 979 59 50
15547 15367 870 60 18
16429 15124 856 60 18
15045 16927 953 60 49
16514 13561 766 60 49
14749 16884 948 60 33
16885 13688 768 60 33
13879 17431 979 60 17
