3165 3740 77 59 50
4342 3290 66 60 34
2915 3736 75 60 34
4373 3316 69 60 66
2875 3841 80 59 66
4108 3367 70 60 35
2633 3864 80 59 35
4012 3369 70 59 84
2692 3821 79 59 84
4127 3189 53 60 82
2751 3586 79 59 82
4191 3155 54 60 33
2870 3601 76 60 33
4331 3149 61 60 17
2863 3710 73 59 17
4184 3249 65 60 32
2741 3848 79 60 32
4134 3352 70 59 14
2767 3852 80 60 14
4000 3355 70 60 32
2731 3809 79 60 32
3913 3374 70 60 34
2694 3801 77 60 34
4059 3211 63 59 68
2751 3634 71 59 68
4257 3195 63 60 34
2807 3608 71 60 34
4048 3062 58 60 49
2756 3806 78 59 49
4097 3836 70 60 51
2789 3283 77 60 51
4127 3851 69 60 33
2681 3378 80 60 33
4087 3372 70 60 50
2705 3760 76 59 50
4089 3160 62 59 34
2729 3565 69 59 34
4200 3188 62 59 34
2863 3710 74 60 34
4285 3140 61 59 34
2720 3756 75 60 34
3990 3750 66 59 53
2649 3356 79 59 53
4080 3735 66 59 33
2719 3064 69 59 33
4080 3620 62 60 34
2740 3143 70 60 34
4159 3630 71 60 32
2765 3143 61 60 32
4066 3176 62 60 18
2771 3572 70 60 18
4241 3454 67 60 34
2734 3242 65 59 34
3983 3692 73 60 36
2730 3330 68 59 36
4098 3765 77 60 33
2689 3266 65 59 33
4015 4201 75 59 16
2673 2680 61 59 16
3967 3679 65 59 34
