1661 1646 85 60 49
1736 1527 66 59 49
1545 1763 76 59 49
1710 1546 69 60 51
1529 1760 80 60 51
1613 1555 70 59 65
1415 1719 80 60 65
1633 1518 70 60 84
1419 1729 77 60 84
1579 1452 67 59 33
1444 1693 74 59 33
1670 1455 63 60 33
1506 1746 77 59 33
1719 1470 62 59 18
1507 1746 78 60 18
1696 1734 65 60 51
1496 1525 80 60 51
1648 1525 70 60 17
1484 1769 80 59 17
1662 1520 70 59 49
1462 1722 78 60 49
1688 1508 69 59 65
1397 1619 70 59 65
1698 1431 61 59 51
1469 1695 74 60 51
1694 1679 62 59 50
1479 1476 72 60 50
1604 1697 62 59 50
1412 1517 77 60 50
1561 1735 70 59 35
1463 1520 77 59 35
1617 1536 68 59 49
1383 1720 80 59 49
1654 1529 69 60 51
1453 1713 77 60 51
1641 1455 66 59 68
1470 1667 72 60 68
1694 1629 65 60 68
1514 1484 64 59 68
1741 1643 70 59 51
1483 1512 66 59 51
1623 1757 78 58 18
1402 1512 69 59 18
1660 1746 79 60 17
1439 1505 68 59 17
1586 1675 76 60 50
1521 1541 68 59 50
1708 1641 63 59 50
1452 1478 71 60 50
1711 1432 61 59 34
1498 1704 74 59 34
1697 1652 69 59 17
1506 1484 62 60 17
1614 1738 64 59 33
1452 1520 79 59 33
1555 1713 68 60 18
1473 1498 75 60 18
1612 1468 63 60 20
1428 1638 76 59 20
1706 1651 71 59 18
