1468 1878 78 59 66
2022 1767 69 59 50
1634 1901 80 59 50
1917 1687 70 60 35
1627 1895 80 60 35
1825 1699 70 59 34
1534 1838 80 59 34
1783 1691 70 59 17
1506 1779 76 59 17
1773 1825 64 60 16
1581 1525 70 60 16
2127 1818 57 59 16
1385 1554 70 59 16
2171 1574 58 59 17
1396 1829 76 60 17
2127 1907 79 59 17
1365 1619 70 58 17
2114 1929 70 59 17
1313 1663 80 60 49
1983 1626 70 60 49
1382 1884 78 59 19
2019 1779 62 59 19
1321 1537 68 60 83
2093 1788 64 60 83
1421 1617 72 60 17
2078 1801 70 60 17
1405 1600 63 59 33
2042 1444 58 60 33
1360 2138 90 59 15
2018 1861 70 59 15
1373 1685 79 60 16
2034 1883 70 59 16
1318 1674 80 60 17
1989 1652 70 60 17
1320 1791 73 59 17
1996 1536 62 59 17
1417 1766 65 60 66
2130 1545 55 60 66
1409 1831 74 60 17
2111 1786 60 60 17
1401 1678 78 59 49
1978 1860 70 60 49
1353 1659 80 59 16
2064 1892 80 59 16
1327 1587 64 60 49
2040 1825 76 60 49
1391 1644 66 60 17
2116 1743 69 60 17
1439 1525 60 59 66
2142 1556 60 60 66
1428 1840 70 60 51
2109 1809 71 60 51
1390 1659 67 60 66
2027 1688 69 60 66
1322 1870 80 60 35
2049 1891 80 60 35
1397 1672 67 60 50
2023 2070 76 60 50
1389 1427 68 59 16
2116 1665 69 59 16
