3547 4509 81 60 66
4758 3861 66 60 32
3943 4431 78 60 32
4552 3957 70 59 33
3898 4485 80 60 33
4381 3962 70 59 51
3660 4508 80 59 51
3818 3947 70 60 34
3449 4345 76 59 34
4157 3817 66 60 34
3752 3903 64 59 34
4447 3538 59 59 32
3945 4321 75 60 32
4504 3635 61 59 33
3881 4360 76 59 33
4454 3874 68 60 49
3853 4508 80 59 49
4368 3952 70 59 33
3785 4519 80 60 33
4167 3964 70 60 16
3689 4450 78 60 16
3970 3832 66 60 34
3529 4257 73 59 34
4178 3676 62 59 16
3908 4028 67 60 16
5099 3556 59 59 17
3229 4233 73 59 17
4690 4323 75 60 16
3167 3907 69 60 16
4917 3956 70 60 16
3268 4449 78 59 51
4744 4487 69 60 51
2927 3898 78 60 35
4561 3913 69 59 35
3109 4429 78 59 67
4871 3684 63 60 67
3181 3906 64 60 33
5063 4021 58 60 33
3369 2112 45 60 33
5009 5250 90 60 33
3167 2797 49 60 33
4522 5512 97 59 33
3140 4485 79 60 652
4812 3307 58 59 652
3076 5011 88 60 51
4653 3961 70 59 51
3219 3943 69 60 84
4889 4277 63 60 84
3398 4269 83 60 51
5073 3813 66 60 51
3398 4299 74 59 33
5005 4163 71 59 33
3211 3798 66 60 67
4608 3716 55 60 67
3029 4516 89 59 16
4709 4404 77 59 16
3319 3706 63 60 33
4731 3646 62 59 33
3085 4339 75 60 15
4485 3717 64 60 15
