10098 10048 229 59 36
11591 9720 220 59 18
9645 11540 250 59 18
11026 9297 200 59 16
9604 11528 250 59 16
11502 11042 200 60 49
9182 9718 250 60 49
11530 11411 238 60 33
9206 9050 201 60 33
11588 10972 238 60 16
10996 9619 210 60 16
9427 11490 250 60 34
10949 9212 200 59 34
9752 11292 241 60 33
11603 9067 193 59 33
9137 11286 240 60 17
11340 11362 192 60 17
8914 9081 237 60 32
11200 10886 188 59 32
8955 9547 240 59 32
11250 11569 246 59 32
10966 9280 198 60 34
9689 11495 245 59 34
11154 9205 196 59 15
9787 11504 245 59 15
11626 9252 197 59 17
9288 11486 244 60 17
11337 11016 235 59 33
8825 9736 208 60 33
10915 11562 248 60 16
8827 9168 197 60 16
11269 11009 238 59 15
10991 8647 182 60 15
9712 10762 225 59 16
11046 8895 187 60 16
9697 11267 239 59 66
11542 9099 195 60 66
9219 11298 240 60 17
11174 11281 232 59 17
8728 9001 196 59 32
10785 11076 235 60 32
8960 9139 193 59 17
11228 11727 247 59 17
10523 9474 199 60 49
9164 11998 240 60 49
10515 9469 203 60 16
9424 11712 242 60 16
11229 10948 189 59 50
9004 9133 221 60 50
10960 10598 210 59 17
8954 8333 159 59 17
11351 10540 197 59 15
10831 8706 161 59 15
9162 11497 216 59 34
10248 9365 177 59 34
8870 12028 233 59 67
10216 9632 191 59 67
8474 11861 242 60 49
10678 9109 186 59 49
8540 10779 216 60 17
