4019 3714 230 59 33
4575 3541 220 59 33
3930 4363 249 60 16
4531 3462 200 60 16
3670 4380 250 60 15
4563 3453 200 60 15
3718 4327 250 60 16
4635 3388 200 60 16
3720 4253 242 59 17
4599 3477 199 60 17
3739 4338 250 59 34
4553 4255 250 60 34
4462 3439 199 60 49
3948 4222 243 59 49
4570 3396 191 60 33
3568 4226 235 59 33
4439 4232 186 59 67
3566 3369 235 59 67
4521 4180 189 60 34
3595 3338 239 60 34
4561 3430 196 59 49
3650 4234 245 60 49
4663 4278 245 59 33
4457 3349 196 60 33
3939 4290 246 60 49
4554 4309 197 59 49
3644 3459 240 60 118
4458 4287 237 59 118
3521 3442 194 60 50
4340 4214 245 60 50
3621 3392 199 58 33
4590 3993 238 60 33
3736 3140 183 59 17
4707 3833 222 60 17
4524 3246 183 60 34
3965 4157 236 60 34
4611 3514 196 59 34
3594 4360 247 59 34
4457 3487 194 60 49
3602 4314 238 60 49
4605 4323 241 60 33
3738 3448 197 59 33
4682 4425 249 59 83
3634 3616 200 59 83
4557 4648 247 59 34
4357 3727 191 59 34
3842 4615 230 59 49
4620 3424 174 60 49
3703 4114 213 59 18
4654 4057 207 59 18
3775 3284 161 60 51
4843 4160 200 60 51
3909 3452 159 59 34
4618 4332 206 59 34
3558 3544 169 59 49
4213 4549 226 60 49
3992 3728 181 59 133
3664 4498 227 59 133
4445 4229 229 59 47
3559 3124 184 60 47
