4477 4396 250 60 67
4729 3933 220 59 67
4142 4855 246 60 32
4729 3873 200 59 32
3846 4851 250 60 17
4837 4511 240 59 17
3903 4108 209 60 50
4849 4681 246 59 50
3879 3750 190 59 33
4793 4770 249 59 33
3903 3845 200 60 32
4756 4714 250 59 32
4654 3848 199 60 16
4079 4729 245 59 16
4826 3874 193 60 17
3745 4707 240 60 17
4730 4745 192 60 32
3731 3767 240 60 32
4774 4748 240 60 34
3707 3766 193 60 34
4670 4875 248 60 51
3730 3878 200 59 51
4788 4933 250 60 33
4647 3807 197 60 33
4181 4762 245 60 34
4800 3817 199 60 34
3881 4881 250 59 34
4693 4811 247 60 34
3730 3882 203 60 50
4618 3820 200 60 50
3807 4801 239 60 66
4718 4707 238 60 66
4528 3920 195 59 17
4001 4798 250 59 17
4819 3878 200 60 33
3888 4692 246 59 33
4896 4490 229 59 34
3831 3951 197 60 34
4924 4673 231 59 17
3852 3791 192 60 17
4936 4735 239 59 16
3880 3917 192 58 16
4746 5056 248 60 50
4393 3990 200 59 50
4061 5033 246 60 68
4995 3848 192 59 68
4054 4747 231 60 16
5005 3817 185 59 16
3886 4913 226 59 31
4469 4013 180 59 31
3631 5203 231 59 51
4563 5156 240 59 51
3736 4146 193 60 33
4758 4940 234 59 33
4687 3886 181 59 33
4360 4647 211 60 33
5231 3714 162 59 17
4176 4644 194 60 17
5065 4926 203 60 17
3764 4071 172 60 17
