5800 7888 140 60 51
8165 6723 118 60 51
6247 6951 120 59 51
7791 6568 105 59 51
6053 7331 140 60 133
7345 7880 130 59 133
5744 6195 120 60 84
7288 6773 110 59 84
5738 7345 140 59 84
7442 7163 116 60 84
5897 6533 124 59 15
8059 6384 110 60 15
5478 6759 114 60 217
8409 6445 102 60 217
5604 6207 109 60 16
8267 6939 119 59 16
5303 6727 118 60 66
7905 6783 120 59 66
5251 7361 130 60 100
7515 7942 140 59 100
5235 6271 110 59 67
8081 7891 138 60 67
5609 6072 105 60 82
8470 7621 131 60 82
5632 5806 98 60 34
8484 7390 126 60 34
5672 5888 101 59 49
8315 7550 131 60 49
5379 6159 109 59 33
8104 7327 120 59 33
5331 6768 129 60 17
7888 7876 129 59 17
5275 6233 120 60 16
7921 6779 120 59 16
5381 7329 129 59 33
8357 7641 123 59 33
5655 5950 112 60 50
8492 7407 127 59 50
5672 5849 101 59 33
8507 6379 110 60 33
5637 7123 124 60 50
8221 7325 119 60 50
5313 6781 130 59 33
7844 7908 140 59 33
5166 6216 110 59 84
7765 7335 130 60 84
5355 6811 120 59 48
8178 7863 137 60 48
5599 5999 103 59 17
8442 6430 110 60 17
5658 6973 119 60 51
8458 7265 122 59 51
5658 6007 104 59 50
8231 7117 124 60 50
5436 6725 118 59 67
7989 7320 130 60 67
5229 6787 120 60 67
8068 7340 120 60 67
5420 6744 128 60 18
8350 7870 138 59 18
