4222 4370 249 59 16
4769 4008 220 59 16
4115 4874 250 59 17
4705 3885 200 59 17
3798 4877 250 59 32
4783 3854 199 59 32
3887 4801 250 60 33
4889 4838 238 59 33
3915 3824 200 59 17
4835 4886 246 59 17
3877 3864 200 60 31
4786 4823 250 59 31
4644 3858 200 60 34
4128 4812 244 59 34
4743 3840 193 59 50
3732 4753 240 60 50
4639 4752 232 60 66
3773 3852 201 59 66
4653 4807 239 60 34
3722 3871 194 59 34
4739 4871 249 60 50
4523 3936 200 60 50
4099 4865 250 60 34
4915 3821 197 60 34
3961 4755 246 59 34
4848 4647 197 59 83
3832 4106 243 60 34
4664 4812 241 60 34
3649 3803 194 59 34
4572 4842 241 60 83
3745 3808 192 60 83
4728 4887 247 59 52
4471 3890 200 60 52
4085 4871 246 60 51
4893 3807 197 60 51
3983 4785 245 59 51
4901 4469 193 60 51
3869 4061 234 60 67
4819 4632 224 59 67
3883 3823 195 60 15
4842 4722 236 59 15
3941 3988 194 59 50
4815 5002 249 59 50
4819 3966 200 59 50
3915 4845 246 60 50
5004 3853 189 60 67
4031 4824 232 59 67
4955 4081 190 59 50
3742 4979 231 59 50
4599 5310 240 59 65
3640 4127 193 60 65
4755 5030 232 60 49
4579 3861 182 59 49
4232 4791 218 59 49
5186 3730 167 59 49
4200 4719 199 60 34
4976 4652 161 59 34
3872 4421 209 60 17
4558 5184 205 59 17
3641 4162 192 60 33
