4058 4179 250 60 33
4569 3819 220 59 33
3960 4716 250 60 50
4632 3769 200 59 50
3754 4705 250 60 34
4685 4432 200 59 34
3758 3956 250 60 49
4673 4417 200 59 49
3720 3934 247 60 35
4664 4417 238 60 35
3768 3948 210 60 17
4607 4544 250 59 17
4494 3704 198 59 49
3958 4555 245 59 49
4639 3704 192 60 48
3643 4534 238 59 48
4610 4308 187 59 16
3689 3821 236 59 16
4562 4377 228 60 83
3668 3807 196 59 83
4572 4657 194 60 33
3623 3687 243 59 33
4663 4618 240 60 50
4487 3590 192 60 50
4062 4513 243 59 48
4646 3658 196 60 48
3709 4667 242 60 34
4532 4389 235 60 34
3515 3918 203 59 17
4336 3731 195 59 17
3670 4722 245 60 14
4526 4678 248 60 14
3582 3789 199 60 84
4445 4644 247 59 84
4352 3784 200 60 34
3954 4594 247 60 34
4692 3655 190 60 18
3737 4482 238 59 18
4775 4569 227 60 32
3768 3663 199 60 32
4746 4623 240 60 33
3738 3799 195 59 33
4634 4816 245 60 50
3609 3801 196 60 50
4735 4773 244 60 66
4692 3703 194 60 66
4185 4600 234 59 67
4829 3669 184 60 67
3687 4842 235 60 50
4349 4726 227 60 50
3487 4228 189 59 49
4436 5052 242 59 49
3589 3869 188 60 67
4699 4656 233 59 67
3918 3635 180 60 66
4869 4396 203 60 66
4721 3566 151 60 49
4064 4575 182 59 49
4597 4934 190 60 66
3479 3975 192 60 66
