0 10 10 60
18 0 10 60
0 22 10 60
119 0 10 60
0 36 10 60
109 0 10 59
0 164 10 59
199 0 10 60
75 150 10 59
113 10 10 59
0 58 10 60
192 0 10 58
78 95 10 59
47 0 10 59
0 8 10 60
84 0 10 60
4 124 10 59
180 0 10 59
0 218 10 58
116 0 10 60
0 130 10 59
195 0 10 59
10 82 10 60
172 35 10 59
51 222 10 60
144 0 10 60
0 156 10 58
185 0 10 58
30 208 10 60
87 48 10 59
0 145 10 59
186 0 10 58
0 161 10 58
62 0 10 58
0 234 10 59
173 0 10 60
45 234 10 58
175 115 10 58
0 83 10 58
137 0 10 59
45 188 10 60
35 54 10 60
0 150 10 60
108 0 10 60
36 240 10 60
20 116 10 60
0 238 10 60
16 44 10 58
0 100 10 59
84 0 10 60
40 150 10 59
134 0 10 60
58 194 10 60
214 0 10 60
0 188 10 59
102 0 10 60
0 105 10 59
67 0 10 60
0 171 10 59
26 0 10 59
0 105 10 60
50 0 10 59
0 247 10 58
41 66 10 59
15 54 10 59
9 0 10 60
0 36 10 59
200 0 10 58
0 131 10 60
47 0 10 58
0 117 10 59
182 5 10 59
48 92 10 60
210 0 10 58
0 12 10 59
78 0 10 60
0 90 10 59
4 0 10 60
0 212 10 58
40 50 10 59
0 120 10 59
28 0 10 59
0 61 10 59
79 0 10 58
0 152 10 60
190 0 10 59
44 171 10 60
73 0 10 58
0 24 10 60
32 0 10 58
0 142 10 59
60 0 10 59
0 198 10 59
80 0 10 58
15 168 10 60
168 0 10 60
0 195 10 58
94 96 10 60
10 142 10 59
18 0 10 60
0 16 10 60
131 0 10 59
0 179 10 59
170 86 10 58
0 78 10 60
86 0 10 59
1 41 10 59
140 0 10 59
0 29 10 59
50 0 10 59
0 125 10 58
104 0 10 58
4 215 10 60
54 0 10 60
0 108 10 59
58 0 10 60
27 15 10 58
192 0 10 59
0 224 10 58
196 78 10 58
12 127 10 58
70 0 10 58
0 86 10 58
184 0 10 60
0 243 10 59
70 0 10 59
0 148 10 59
168 0 10 60
48 240 10 58
217 0 10 60
72 166 10 58
55 25 10 59
0 48 10 59
66 0 10 59
0 172 10 60
158 0 10 60
0 24 10 60
113 0 10 58
0 230 10 58
146 24 10 60
0 254 10 58
65 63 10 58
0 122 10 59
104 0 10 58
28 44 10 60
144 0 10 60
0 186 10 59
62 0 10 59
0 46 10 59
27 0 10 60
0 160 10 59
158 0 10 59
0 141 10 60
147 0 10 60
40 183 10 59
51 16 10 60
0 102 10 59
0 0 10 59
0 174 10 59
3 36 10 59
0 226 10 59
90 0 10 58
0 108 10 59
132 0 10 60
0 188 10 60
187 36 10 60
32 138 10 58
22 6 10 59
0 172 10 58
46 0 10 58
0 29 10 60
146 0 10 60
26 228 10 58
90 36 10 59
0 140 10 59
94 0 10 58
0 26 10 60
154 0 10 58
0 148 10 60
118 16 10 59
0 214 10 60
60 0 10 59
0 98 10 59
25 0 10 59
0 196 10 59
124 0 10 60
0 110 10 60
194 0 10 60
51 112 10 59
218 0 10 60
83 74 10 58
168 0 10 60
0 26 10 58
186 0 10 60
0 181 10 59
70 0 10 60
0 97 10 60
167 0 10 59
32 2 10 60
181 0 10 59
0 84 10 58
30 0 10 60
0 152 10 59
80 0 10 60
0 55 10 58
89 0 10 60
36 144 10 60
129 57 10 58
10 118 10 60
42 0 10 58
0 4 10 60
190 0 10 60
0 158 10 60
140 0 10 58
0 127 10 59
200 0 10 59
0 172 10 59
78 32 10 58
0 112 10 60
16 0 10 60
0 123 10 60
150 0 10 59
0 198 10 59
178 96 10 58
65 200 10 60
78 0 10 58
0 30 10 58
18 0 10 60
0 106 10 60
160 12 10 60
0 156 10 60
50 31 10 59
0 198 10 58
187 64 10 58
0 138 10 58
116 20 10 58
0 76 10 60
195 0 10 59
80 16 10 60
218 0 10 58
0 42 10 59
19 0 10 60
0 166 10 59
112 56 10 59
8 204 10 59
79 26 10 59
0 238 10 59
196 74 10 60
8 224 10 58
11 0 10 59
2 188 10 60
20 0 10 58
0 128 10 58
191 0 10 59
2 173 10 58
154 0 10 59
0 48 10 60
19 0 10 60
0 92 10 59
90 0 10 58
0 120 10 59
62 53 10 59
0 110 10 58
68 0 10 59
0 190 10 59
106 0 10 58
18 148 10 60
84 36 10 58
0 90 10 59
98 18 10 60
0 69 10 58
0 0 10 60
0 152 10 58
168 0 10 58
0 34 10 59
86 0 10 58
0 63 10 59
135 0 10 59
0 135 10 59
11 22 10 58
0 88 10 58
134 0 10 60
0 74 10 60
122 0 10 59
0 242 10 59
88 76 10 59
0 52 10 60
38 4 10 59
0 88 10 60
61 0 10 58
0 62 10 58
72 26 10 60
0 70 10 58
112 0 10 60
16 208 10 59
44 0 10 59
0 34 10 58
118 0 10 60
0 1 10 58
176 0 10 59
0 172 10 59
112 0 10 60
0 104 10 60
46 0 10 58
0 10 10 58
40 0 10 59
0 90 10 58
16 0 10 59
0 157 10 58
68 0 10 58
0 87 10 58
62 0 10 60
0 178 10 58
74 0 10 60
0 8 10 58
168 0 10 59
0 27 10 58
56 4 10 60
0 150 10 60
180 0 10 59
0 62 10 58
164 0 10 60
33 246 10 58
42 31 10 58
0 192 10 59
90 0 10 60
0 139 10 59
26 0 10 59
0 42 10 58
24 0 10 58
0 206 10 60
184 0 10 60
0 239 10 59
185 0 10 59
87 213 10 58
70 0 10 59
0 194 10 58
174 0 10 60
2 104 10 60
130 0 10 60
0 69 10 58
108 0 10 60
43 206 10 60
104 52 10 59
0 74 10 60
155 0 10 60
71 201 10 59
90 62 10 60
0 74 10 59
84 0 10 58
0 15 10 60
88 0 10 60
14 236 10 59
196 66 10 58
28 46 10 60
130 0 10 58
60 190 10 60
86 0 10 58
0 141 10 58
198 0 10 60
67 176 10 60
206 0 10 58
52 109 10 59
156 0 10 58
0 24 10 59
22 0 10 60
0 56 10 58
102 0 10 60
0 184 10 58
100 0 10 58
0 28 10 60
69 0 10 59
0 44 10 58
96 0 10 59
38 248 10 58
208 0 10 59
0 125 10 60
103 62 10 60
0 242 10 59
132 89 10 58
0 278 10 60
190 40 10 59
54 231 10 58
93 0 10 59
0 14 10 60
46 0 10 59
0 98 10 60
81 0 10 59
0 88 10 59
150 0 10 58
22 232 10 59
144 37 10 58
0 177 10 60
10 0 10 58
0 111 10 59
172 0 10 60
0 139 10 58
136 68 10 60
0 248 10 59
168 36 10 59
17 219 10 58
75 0 10 60
0 140 10 60
39 0 10 59
0 238 10 59
8 0 10 58
0 194 10 58
25 19 10 59
0 12 10 58
100 0 10 59
0 208 10 59
26 15 10 58
2 145 10 59
110 58 10 59
0 44 10 60
130 0 10 59
28 28 10 59
84 0 10 60
41 124 10 60
102 0 10 59
0 136 10 58
172 17 10 58
26 51 10 58
152 0 10 59
0 124 10 60
119 0 10 58
0 202 10 59
55 14 10 58
0 208 10 60
34 0 10 60
4 142 10 58
111 0 10 58
6 130 10 58
19 0 10 59
0 166 10 58
68 0 10 58
0 76 10 58
187 0 10 59
38 240 10 60
197 89 10 58
29 174 10 58
56 53 10 60
0 256 10 59
150 0 10 60
0 161 10 60
74 74 10 58
0 120 10 58
20 0 10 59
0 46 10 59
20 0 10 60
0 234 10 60
2 0 10 59
0 154 10 58
178 0 10 59
0 123 10 60
110 0 10 60
50 249 10 58
178 116 10 60
0 226 10 59
116 93 10 58
0 156 10 60
178 0 10 58
64 57 10 58
144 0 10 58
0 210 10 59
120 0 10 60
0 14 10 60
53 0 10 60
0 20 10 60
120 0 10 59
0 34 10 59
65 0 10 59
0 221 10 60
200 0 10 58
56 204 10 60
134 0 10 58
0 74 10 60
192 0 10 58
16 15 10 60
50 0 10 59
0 103 10 58
72 0 10 60
0 200 10 60
169 0 10 58
51 223 10 58
150 68 10 59
0 184 10 58
0 0 10 60
0 162 10 60
182 0 10 60
2 41 10 58
102 0 10 59
38 23 10 60
92 0 10 58
0 186 10 59
126 0 10 60
22 100 10 59
79 0 10 59
0 126 10 59
184 60 10 58
0 130 10 60
156 0 10 58
0 197 10 60
188 96 10 59
0 218 10 59
139 0 10 60
24 140 10 60
140 3 10 60
0 87 10 59
134 0 10 58
0 200 10 58
110 0 10 59
0 70 10 58
200 0 10 60
0 101 10 60
128 0 10 58
0 112 10 60
40 0 10 60
0 132 10 59
190 0 10 58
0 80 10 60
140 0 10 58
52 34 10 60
142 0 10 59
0 226 10 60
42 84 10 59
0 84 10 60
164 0 10 60
0 31 10 58
154 0 10 58
46 119 10 60
208 0 10 58
0 143 10 59
72 0 10 58
0 222 10 58
109 0 10 59
28 11 10 58
214 0 10 58
59 236 10 59
150 0 10 59
26 237 10 58
198 0 10 59
0 214 10 60
182 0 10 58
65 167 10 59
66 0 10 59
0 240 10 60
58 0 10 58
0 32 10 60
112 0 10 58
0 186 10 60
72 0 10 59
0 217 10 59
98 0 10 58
0 244 10 58
4 120 10 58
0 196 10 58
170 72 10 59
0 140 10 59
40 48 10 60
0 130 10 60
56 1 10 59
0 63 10 60
168 0 10 59
0 44 10 58
43 0 10 58
0 88 10 60
24 0 10 59
0 250 10 59
66 110 10 59
0 292 10 59
180 55 10 59
0 80 10 59
86 0 10 58
0 232 10 58
18 61 10 60
0 42 10 59
160 0 10 60
0 122 10 59
85 50 10 59
0 164 10 60
20 9 10 59
0 230 10 59
32 0 10 59
0 136 10 60
22 0 10 60
0 236 10 59
106 71 10 59
11 42 10 60
31 0 10 58
0 137 10 58
36 0 10 59
0 86 10 60
148 0 10 58
0 36 10 59
158 0 10 59
0 225 10 58
12 20 10 59
0 60 10 58
40 0 10 58