10 10 10 436
10 10 10 478
10 10 10 502
10 10 10 570
10 10 10 580
10 10 10 580
10 10 10 591
10 10 10 604
10 10 10 595
10 10 10 598
10 10 10 585
10 10 10 403
10 10 10 590
10 10 10 495
10 10 10 494
10 10 10 479
10 10 10 463
10 10 10 496
10 10 10 489
10 10 10 492
10 10 10 465
10 10 10 488
10 10 10 464
10 10 10 478
10 10 10 479
10 10 10 477
10 10 10 466
10 10 10 465
10 10 10 471
10 10 10 319
10 10 10 420
10 10 10 442
10 10 10 428
10 10 10 419
10 10 10 403
10 10 10 322
10 10 10 377
10 10 10 394
10 10 10 367
10 10 10 368
10 10 10 375
10 10 10 354
10 10 10 317
10 10 10 392
10 10 10 397
10 10 10 386
10 10 10 375
10 10 10 395
10 10 10 386
10 10 10 390
10 10 10 388
10 10 10 384
10 10 10 393
10 10 10 382
10 10 10 387
10 10 10 330
10 10 10 397
10 10 10 387
10 10 10 374
10 10 10 375
10 10 10 390
10 10 10 390
10 10 10 387
10 10 10 381
10 10 10 387
10 10 10 385
10 10 10 295
10 10 10 306
10 10 10 298
10 10 10 401
10 10 10 287
10 10 10 325
10 10 10 338
10 10 10 402
10 10 10 424
10 10 10 431
10 10 10 435
10 10 10 435
10 10 10 436
10 10 10 428
10 10 10 415
10 10 10 433
10 10 10 443
10 10 10 434
10 10 10 413
10 10 10 445
10 10 10 425
10 10 10 431
10 10 10 429
10 10 10 441
10 10 10 413
10 10 10 425
10 10 10 429
10 10 10 435
10 10 10 430
10 10 10 439
10 10 10 258
10 10 10 442
10 10 10 430
10 10 10 441
10 10 10 430
10 10 10 427
10 10 10 433
10 10 10 427
10 10 10 411
10 10 10 422
10 10 10 442
10 10 10 426
10 10 10 402
10 10 10 436
10 10 10 413
10 10 10 431
10 10 10 433
10 10 10 432
10 10 10 419
10 10 10 447
10 10 10 440
10 10 10 427
10 10 10 439
10 10 10 367
10 10 10 426
10 10 10 448
10 10 10 438
10 10 10 435
10 10 10 433
10 10 10 446
10 10 10 431
10 10 10 436
10 10 10 435
10 10 10 427
10 10 10 416
10 10 10 439
10 10 10 438
10 10 10 426
10 10 10 430
10 10 10 435
10 10 10 441
10 10 10 435
10 10 10 438
10 10 10 429
10 10 10 339
10 10 10 442
10 10 10 433
10 10 10 434
10 10 10 438
10 10 10 429
10 10 10 432
10 10 10 432
10 10 10 440
10 10 10 426
10 10 10 433
10 10 10 434
10 10 10 438
10 10 10 433
10 10 10 432
10 10 10 426
10 10 10 428
10 10 10 426
10 10 10 434
10 10 10 412
10 10 10 429
10 10 10 434
10 10 10 431
10 10 10 415
10 10 10 433
10 10 10 427
10 10 10 428
10 10 10 433
10 10 10 421
10 10 10 419
10 10 10 430
10 10 10 436
10 10 10 428
10 10 10 418
10 10 10 453
10 10 10 415
10 10 10 432
10 10 10 425
10 10 10 435
10 10 10 417
10 10 10 432
10 10 10 437
10 10 10 435
10 10 10 424
10 10 10 450
10 10 10 426
10 10 10 433
10 10 10 429
10 10 10 445
10 10 10 411
10 10 10 429
10 10 10 435
10 10 10 430
10 10 10 422
10 10 10 399
10 10 10 423
10 10 10 434
10 10 10 423
10 10 10 438
10 10 10 410
10 10 10 432
10 10 10 427
10 10 10 432
10 10 10 414
10 10 10 431
10 10 10 422
10 10 10 450
10 10 10 394
10 10 10 439
10 10 10 422
10 10 10 427
10 10 10 431
10 10 10 432
10 10 10 423
10 10 10 446
10 10 10 428
10 10 10 436
10 10 10 410
10 10 10 434
10 10 10 420
10 10 10 422
10 10 10 434
10 10 10 443
10 10 10 433
10 10 10 317
10 10 10 300
10 10 10 473
10 10 10 324
10 10 10 359
10 10 10 382
10 10 10 376
10 10 10 389
10 10 10 371
10 10 10 384
10 10 10 388
10 10 10 375
10 10 10 401
10 10 10 376
10 10 10 385
10 10 10 429
10 10 10 440
10 10 10 430
10 10 10 411
10 10 10 701
10 10 10 708
10 10 10 699
10 10 10 677
10 10 10 686
10 10 10 672
10 10 10 683
10 10 10 668
10 10 10 643
10 10 10 611
10 10 10 512
10 10 10 714
