10 10 10 301
10 10 10 230
10 10 10 385
10 10 10 221
10 10 10 306
10 10 10 299
10 10 10 397
10 10 10 429
10 10 10 440
10 10 10 386
10 10 10 439
10 10 10 429
10 10 10 422
10 10 10 405
10 10 10 427
10 10 10 436
10 10 10 439
10 10 10 428
10 10 10 396
10 10 10 441
10 10 10 283
10 10 10 283
10 10 10 359
10 10 10 338
10 10 10 378
10 10 10 428
10 10 10 436
10 10 10 443
10 10 10 411
10 10 10 431
10 10 10 303
10 10 10 336
10 10 10 424
10 10 10 340
10 10 10 232
10 10 10 314
10 10 10 416
10 10 10 417
10 10 10 318
10 10 10 415
10 10 10 444
10 10 10 433
10 10 10 411
10 10 10 426
10 10 10 315
10 10 10 275
10 10 10 296
10 10 10 433
10 10 10 402
10 10 10 350
10 10 10 411
10 10 10 310
10 10 10 475
10 10 10 569
10 10 10 569
10 10 10 569
10 10 10 569
10 10 10 569
10 10 10 569
10 10 10 569
10 10 10 569
10 10 10 712
10 10 10 712
10 10 10 712
10 10 10 712
10 10 10 712
10 10 10 712
10 10 10 712
10 10 10 712
10 10 10 712
10 10 10 890
10 10 10 890
10 10 10 890
10 10 10 890
10 10 10 890
10 10 10 890
10 10 10 890
10 10 10 890
10 10 10 890
10 10 10 890
10 10 10 1112
10 10 10 1112
10 10 10 1112
10 10 10 1112
10 10 10 1112
10 10 10 1112
10 10 10 1112
10 10 10 1112
10 10 10 1112
10 10 10 1112
10 10 10 1112
10 10 10 1112
10 10 10 1112
10 10 10 1112
10 10 10 1112
10 10 10 1112
10 10 10 1112
10 10 10 1112
10 10 10 1112
10 10 10 1112
10 10 10 1112
10 10 10 1112
10 10 10 1112
10 10 10 1112
10 10 10 1112
10 10 10 1112
10 10 10 1112
10 10 10 1112
10 10 10 1112
10 10 10 1112
10 10 10 1112
10 10 10 1112
10 10 10 1112
10 10 10 1112
10 10 10 1112
10 10 10 1112
10 10 10 1112
10 10 10 1112
10 10 10 1112
10 10 10 1112
10 10 10 1112
10 10 10 1112
10 10 10 1112
10 10 10 1390
10 10 10 1738
10 10 10 1738
