0 13 10 59 65
170 0 10 59 59
0 92 10 60 62
135 0 10 60 64
0 74 10 58 62
182 0 10 58 60
0 122 10 60 65
36 0 10 58 59
0 83 10 59 65
42 22 10 60 62
0 256 10 58 65
69 26 10 59 59
0 70 10 59 60
28 0 10 60 59
0 214 10 60 58
66 34 10 59 64
0 121 10 60 59
30 0 10 58 59
0 6 10 60 63
70 0 10 59 65
0 181 10 58 65
16 76 10 59 62
0 282 10 60 65
100 92 10 59 62
21 204 10 58 60
37 68 10 58 63
0 49 10 59 59
127 0 10 60 59
13 168 10 58 61
147 9 10 60 62
0 70 10 59 64
90 0 10 58 60
0 92 10 58 63
48 0 10 58 58
0 28 10 60 62
163 0 10 59 61
0 106 10 58 60
89 0 10 59 62
35 10 10 58 62
148 0 10 58 61
43 48 10 59 60
30 0 10 59 63
0 16 10 58 62
100 0 10 59 61
0 228 10 58 63
184 0 10 58 61
0 66 10 60 58
63 0 10 59 65
0 32 10 60 63
156 0 10 58 58
0 11 10 60 58
88 0 10 58 61
0 204 10 58 63
174 0 10 58 65
18 186 10 59 64
32 86 10 60 59
0 62 10 59 58
107 1 10 60 65
0 160 10 60 65
100 0 10 60 61