0 20 10 59
35 0 10 59
0 44 10 60
238 0 10 58
0 73 10 60
218 0 10 58
0 328 10 60
398 0 10 60
150 301 10 59
226 19 10 58
0 117 10 60
385 0 10 59
157 190 10 60
94 0 10 58
0 15 10 60
167 0 10 60
8 248 10 60
360 0 10 59
0 436 10 60
232 0 10 60
0 261 10 60
390 0 10 58
21 164 10 60
343 70 10 58
102 443 10 58
289 0 10 58
0 313 10 59
370 0 10 60
61 415 10 60
174 97 10 60
0 290 10 58
371 0 10 58
0 322 10 60
123 0 10 58
0 467 10 60
346 0 10 58
90 468 10 60
350 230 10 59
0 166 10 58
274 0 10 60
90 375 10 58
70 109 10 58
0 301 10 58
216 0 10 58
73 481 10 60
40 233 10 59
0 475 10 59
31 88 10 59
0 200 10 58
167 0 10 58
80 299 10 59
267 0 10 59
117 387 10 58
429 0 10 60
0 377 10 60
203 0 10 60
0 210 10 59
134 0 10 58
0 342 10 60
51 0 10 60
0 210 10 59
99 0 10 59
0 494 10 58
82 131 10 58
30 109 10 60
18 0 10 59
0 71 10 58
400 0 10 60
0 262 10 58
94 0 10 60
0 234 10 58
365 10 10 58
95 184 10 60
419 0 10 58
0 23 10 60
155 0 10 59
0 180 10 60
9 0 10 58
0 424 10 58
81 101 10 60
0 241 10 60
56 0 10 59
0 122 10 59
158 0 10 59
0 303 10 60
381 0 10 59
87 342 10 59
146 0 10 59
0 49 10 59
63 0 10 60
0 283 10 58
120 0 10 59
0 395 10 60
161 0 10 59
30 335 10 59
337 0 10 58
0 390 10 58
188 191 10 59
19 283 10 60
36 0 10 58
0 32 10 58
262 0 10 60
0 358 10 59
340 173 10 60
0 157 10 58
172 0 10 59
2 82 10 60
280 0 10 59
0 58 10 60
100 0 10 60
0 250 10 59
207 0 10 58
9 430 10 59
107 0 10 59
0 215 10 60
116 0 10 59
54 30 10 58
383 0 10 60
0 448 10 58
392 155 10 58
25 254 10 58
141 0 10 58
0 171 10 59
368 0 10 59
0 486 10 59
140 0 10 60
0 296 10 60
335 0 10 60
96 481 10 60
434 0 10 60
143 333 10 60
110 50 10 58
0 95 10 59
133 0 10 59
0 345 10 58
316 0 10 58
0 49 10 58
226 0 10 59
0 459 10 58
291 49 10 58
0 508 10 58
130 126 10 60
0 244 10 58
209 0 10 58
57 89 10 60
289 0 10 60
0 372 10 60
124 0 10 60
0 93 10 60
54 0 10 59
0 320 10 60
315 0 10 58
0 282 10 59
294 0 10 60
80 366 10 58
102 32 10 60
0 204 10 60
1 0 10 60
0 347 10 58
6 72 10 59
0 452 10 58
179 0 10 60
0 216 10 58
265 0 10 60
0 375 10 58
374 72 10 60
64 276 10 58
45 12 10 59
0 343 10 60
93 0 10 58
0 58 10 58
292 0 10 59
53 457 10 60
179 71 10 60
0 280 10 58
189 0 10 60
0 52 10 59
307 0 10 60
0 295 10 59
236 31 10 58
0 428 10 60
120 0 10 59
0 195 10 59
50 0 10 58
0 392 10 60
249 0 10 60
0 220 10 58
388 0 10 60
102 224 10 60
435 0 10 60
166 149 10 60
335 0 10 58
0 52 10 60
372 0 10 60
0 362 10 59
140 0 10 58
0 194 10 59
334 0 10 59
65 3 10 60
362 0 10 58
0 168 10 60
61 0 10 58
0 305 10 59
159 0 10 60
0 110 10 60
178 0 10 59
73 288 10 59
258 114 10 59
21 237 10 59
84 0 10 58
0 9 10 60
380 0 10 59
0 316 10 59
280 0 10 60
0 254 10 59
399 0 10 60
0 344 10 60
157 63 10 59
0 223 10 60
33 0 10 59
0 246 10 58
301 0 10 59
0 397 10 59
355 191 10 59
130 399 10 58
156 0 10 60
0 59 10 60
35 0 10 60
0 212 10 58
320 24 10 58
0 311 10 58
101 62 10 58
0 397 10 60
374 127 10 58
0 275 10 60
233 39 10 59
0 151 10 60
390 0 10 60
159 33 10 60
436 0 10 60
0 84 10 59
38 0 10 59
0 331 10 59
224 111 10 60
15 407 10 60
158 52 10 59
0 477 10 60
392 149 10 60
16 448 10 60
22 0 10 60
4 375 10 58
39 0 10 60
0 255 10 60
382 0 10 58
3 346 10 60
307 0 10 60
0 97 10 58
38 0 10 58
0 185 10 58
181 0 10 58
0 241 10 60
124 106 10 59
0 220 10 59
135 0 10 60
0 379 10 60
212 0 10 58
35 295 10 60
167 71 10 59
0 180 10 59
195 36 10 60
0 138 10 60
1 0 10 60
0 305 10 60
335 0 10 59
0 67 10 58
173 0 10 60
0 126 10 58
270 0 10 59
0 270 10 60
22 45 10 58
0 177 10 58
267 0 10 59
0 147 10 59
244 0 10 58
0 483 10 58
175 153 10 60
0 105 10 60
77 7 10 58
0 176 10 58
122 0 10 59
0 125 10 58
143 53 10 60
0 140 10 59
223 0 10 59
31 415 10 59
89 0 10 60
0 68 10 59
236 0 10 60
0 2 10 59
351 0 10 60
0 345 10 59
223 0 10 58
0 209 10 60
91 0 10 58
0 20 10 59
79 0 10 58
0 181 10 58
32 0 10 58
0 314 10 60
135 0 10 60
0 174 10 58
124 0 10 60
0 356 10 59
149 0 10 60
0 15 10 60
336 0 10 60
0 54 10 60
111 8 10 60
0 300 10 60
360 0 10 59
0 123 10 59
327 0 10 60
66 493 10 58
83 62 10 58
0 384 10 60
181 0 10 58
0 278 10 59
53 0 10 60
0 83 10 60
47 0 10 58
0 411 10 58
367 0 10 60
0 478 10 59
370 0 10 60
174 426 10 59
140 0 10 58
0 387 10 60
347 0 10 59
5 208 10 59
260 0 10 59
0 138 10 60
217 0 10 60
86 413 10 59
209 105 10 60
0 148 10 59
310 0 10 59
142 402 10 58
179 123 10 60
0 149 10 60
167 0 10 58
0 30 10 59
176 0 10 58
29 473 10 59
393 133 10 58
57 91 10 60
260 0 10 58
121 380 10 60
171 0 10 58
0 282 10 58
396 0 10 60
134 351 10 58
413 0 10 60
105 218 10 59
311 0 10 59
0 48 10 59
43 0 10 58
0 112 10 58
204 0 10 60
0 368 10 58
199 0 10 59
0 57 10 59
138 0 10 59
0 89 10 60
191 0 10 58
77 496 10 58
415 0 10 59
0 250 10 59
206 123 10 58
0 484 10 59
265 178 10 59
0 555 10 58
379 79 10 59
107 462 10 59
186 0 10 59
0 29 10 59
91 0 10 59
0 195 10 58
162 0 10 60
0 176 10 58
300 0 10 60
44 465 10 60
288 74 10 59
0 354 10 59
21 0 10 58
0 222 10 58
345 0 10 59
0 278 10 59
273 135 10 58
0 496 10 58
337 71 10 60
34 438 10 58
150 0 10 59
0 279 10 60
78 0 10 58
0 475 10 60
16 0 10 60
0 388 10 58
50 38 10 60
0 24 10 58
199 0 10 60
0 417 10 60
53 30 10 60
4 290 10 58
219 116 10 58
0 88 10 58
260 0 10 60
56 56 10 60
169 0 10 59
82 247 10 58
203 0 10 58
0 271 10 58
344 34 10 60
51 102 10 59
303 0 10 59
0 249 10 60
238 0 10 60
0 403 10 60
110 27 10 60
0 417 10 58
67 0 10 58
7 285 10 58
222 0 10 59
11 260 10 59
38 0 10 59
0 331 10 58
136 0 10 59
0 151 10 59
374 0 10 59
77 479 10 59
394 178 10 60
58 347 10 58
113 106 10 58
0 513 10 60
299 0 10 60
0 322 10 59
149 148 10 60
0 240 10 60
40 0 10 60
0 93 10 58
39 0 10 60
0 469 10 58
5 0 10 60
0 309 10 60
357 0 10 59
0 246 10 60
220 0 10 60
101 498 10 59
355 233 10 59
0 453 10 60
233 186 10 58
0 312 10 60
355 0 10 59
128 114 10 58
289 0 10 58
0 421 10 58
240 0 10 60
0 29 10 60
106 0 10 58
0 41 10 59
241 0 10 60
0 69 10 59
130 0 10 59
0 442 10 60
399 0 10 60
113 408 10 59
267 0 10 58
0 149 10 58
383 0 10 59
32 30 10 59
99 0 10 58
0 206 10 58
145 0 10 60
0 401 10 59
338 0 10 60
102 446 10 60
300 135 10 58
0 367 10 58
1 0 10 58
0 323 10 60
365 0 10 60
4 82 10 59
203 0 10 60
75 46 10 59
183 0 10 59
0 371 10 58
251 0 10 60
45 200 10 60
158 0 10 60
0 252 10 60
368 120 10 58
0 259 10 59
311 0 10 59
0 394 10 58
375 191 10 58
0 436 10 60
278 0 10 59
49 280 10 59
281 6 10 59
0 174 10 60
269 0 10 59
0 401 10 58
220 0 10 60
0 140 10 60
400 0 10 60
0 202 10 60
256 0 10 59
0 224 10 58
79 0 10 59
0 264 10 59
379 0 10 59
0 160 10 58
280 0 10 59
104 69 10 59
285 0 10 60
0 451 10 59
83 167 10 59
0 167 10 58
327 0 10 59
0 62 10 58
307 0 10 59
93 238 10 60
417 0 10 60
0 286 10 60
143 0 10 60
0 443 10 60
218 0 10 58
57 22 10 58
428 0 10 60
118 472 10 58
301 0 10 60
53 474 10 59
397 0 10 60
0 428 10 59
363 0 10 59
130 334 10 58
132 0 10 58
0 481 10 59
117 0 10 59
0 64 10 60
224 0 10 59
0 371 10 58
145 0 10 58
0 434 10 59
197 0 10 58
0 488 10 60
7 240 10 58
0 391 10 58
339 145 10 58
0 281 10 59
80 97 10 58
0 259 10 59
113 2 10 60
0 126 10 60
336 0 10 60
0 89 10 60
86 0 10 58
0 177 10 58
47 0 10 59
0 499 10 59
132 221 10 59
0 584 10 59
359 110 10 59
0 160 10 59
173 0 10 59
0 464 10 60
36 122 10 59
0 84 10 58
320 0 10 60
0 245 10 59
170 99 10 59
0 329 10 60
41 18 10 59
0 459 10 58
64 0 10 60
0 271 10 59
43 0 10 58
0 471 10 58
212 142 10 58
22 84 10 60
62 0 10 59
0 274 10 59
71 0 10 59
0 173 10 59
295 0 10 59
0 71 10 59
315 0 10 60
0 450 10 60
23 39 10 60
0 119 10 60
80 0 10 58