0 0 0 551
28 28 0 485
0 0 0 526
28 28 0 472
0 0 0 499
28 28 0 496
37 0 0 500
28 28 0 497
0 0 0 497
28 28 0 229
0 0 0 498
28 28 0 506
0 0 0 506
28 28 0 501
0 36 1 500
28 28 0 504
47 76 2 243
28 14 0 642
0 14 0 449
362 28 0 459
448 539 12 498
473 1040 22 487
440 1297 29 411
467 1378 30 463
440 1379 30 506
72 1394 30 490
438 1378 30 477
468 1368 30 510
438 1358 30 436
479 1372 30 454
450 1342 30 478
477 1374 30 442
450 1364 30 458
163 1359 30 440
0 1352 30 523
28 1352 30 507
270 1350 30 490
478 1230 27 494
179 1480 33 280
486 1359 30 424
448 1315 30 427
476 1332 30 501
313 1337 30 289
163 1334 30 422
452 1325 30 460
486 876 20 493
446 886 20 509
468 885 20 461
438 872 20 504
466 883 20 503
439 858 20 506
290 872 20 487
307 871 20 477
466 873 20 515
448 875 20 396
488 889 20 495
453 885 20 498
477 896 20 483
452 869 20 499
477 881 20 385
448 883 20 406
478 897 20 365
448 870 20 365
478 805 18 393
449 963 22 469
477 871 20 520
447 872 20 334
477 883 20 498
449 858 20 325
475 867 20 497
449 874 20 436
478 888 20 462
449 878 20 478
477 882 20 519
449 875 20 505
417 795 18 493
0 0 0 702
0 0 0 372
